gridcode_adj_percentage_product
2528.731379531904
1423.7618453504597
1339.22611374665
1197.715061396414
5101.0
4539.90856109475
1408.9041259513915
1934.533970798428
4093.807502559227
5850.0
1945.4753357260884
1726.0
2337.6843716775543
3041.0
4875.400600581235
2061.311092551409
3219.9760042593075
2210.1511768564305
3840.3103618115238
5383.435436544088
1462.0
4691.698331516668
4342.817562865718
17474.780785288403
15800.749782348812
4821.0
9088.048751354201
3863.0
4979.1329991422335
3863.0
3863.0
3863.0
22215.721741712965
3625.585622607441
7448.76527493004
7334.204799637167
6161.327802875631
13164.435421651393
7472.0
7358.375445189942
13221.009762531325
27148.69640667691
33925.57174378851
64209.0
11073.696877199227
11263.921278256581
4169.0
25846.56781713666
3720.0
3720.0
15148.516457339656
7177.876027593416
3720.0
10205.0
22837.129146689316
33053.0
21598.0
10986.0
27475.187630761073
2050.0
8336.0
56630.0
39921.62927573198
13447.24878161378
15104.971328699772
28320.0
5144.758408519839
15090.693809464805
31116.658558612315
2025.266931683063
4441.085032560812
20762.0
5883.004117181671
5804.0
12162.0
12162.0
25402.0
7912.0
26853.0
18740.877679811478
20917.0
10356.0
9732.91518938483
3000.0
3106.2124574225827
1914.9997225266607
23494.81072271682
3000.0
3000.0
15797.79859232275
19147.0
3000.0
4090.56605743181
2121.0
39185.0
2121.0
16736.0
26498.242979396895
27013.0
29083.204919763717
27013.0
7027.13304344929
101258.0
3001.3777289955287
91402.5463421332
11058.088726774085
12060.0
4900.142744170664
20508.0
2942.5457411281127
15801.0
62836.636438190326
38976.0
20185.06869400917
25343.244215929833
28439.112477671453
16144.907489584228
30011.0
30011.0
24980.65303052064
39630.476829370564
22642.0
23374.531341195565
26342.0
30011.0
30011.0
25521.075671758324
19509.0
18869.086503460378
9365.0
18987.164446070987
25191.43723896263
35276.399233779215
21222.07709889312
34126.831796432794
31259.0
24136.0
24136.0
31781.32478515978
44922.94235144954
37638.654017593086
33694.0
26458.73612984259
26277.10669920408
32547.920085029727
9365.0
24136.0
5385.228200395688
9365.0
6491.336032819812
9004.0
36461.34719786009
32619.741349668155
9004.0
8787.50587408258
9004.0
13489.95737762601
30003.946164135003
23173.54183987585
34062.208621003796
22547.951881055305
32807.93056943905
27414.79320233994
37093.36837814017
31155.568328681133
14129.0
14129.0
18164.796079218675
10278.206825747902
12573.816018541373
21520.0
33160.71349843948
21520.0
21520.0
20895.633573458148
21726.0
12438.734546568965
15848.157305577366
4235.0
21726.0
10692.0
15886.03131035288
14605.0
14641.881995890153
13742.085095133512
13802.45604058377
4687.0
18056.0
26514.0
48267.31333840258
18440.0
46966.0
46946.071701437795
18508.56499608247
17339.40460299894
14663.682533509993
31321.76540135235
19351.108011646666
16826.23480778932
17901.219424972267
33035.0
33425.72870619109
13307.941119937854
22220.976284513374
17520.95440671633
44552.975560789484
16746.45624797984
21882.712825183477
21174.0
28108.0
28108.0
14489.233543513386
26349.783938743123
23060.35957231844
45130.80105113943
34665.16629154366
16788.56274440333
27572.876920457828
20672.113167729964
19322.04159127776
20276.67936037342
21174.0
19530.99538508571
22099.0
21378.7478518579
21572.0
52408.0
18918.0
23154.032887764293
25662.333389257597
28108.0
30524.13735522717
11960.283597358102
33392.0
5539.435267859155
22247.889395544884
25303.650583319308
21214.616265963054
34107.10045872061
33392.0
22130.732211030434
39571.442317290035
13030.36838495206
31071.427766761284
11365.103486574877
20777.776555628167
30423.10651078508
19984.83668146006
33933.04305296282
28454.331942772464
46019.66061614303
30477.964416040926
25461.493191858717
21528.242971547046
27298.0
33121.2172165198
23674.0
19048.974798717954
17000.915202821856
23674.0
15156.19149274
8646.0
17925.0
17202.14058374099
20866.76551771108
24134.1263806551
26551.73844076862
55428.58033703946
25542.418115294164
33458.0
29443.888299265345
28980.0
33458.0
38157.0
41969.0
21906.29114123894
7197.0
36059.07410585409
36631.80396695636
39875.0
32173.15718919816
28790.175943641825
32763.0
33476.0
31612.872374675484
3702.0
32763.0
29735.0
16582.936042379373
20167.441058087436
30201.0
16160.51242390261
47022.0
48205.28794882939
50695.2690120359
27152.0
27508.0
17974.0
18060.0
9109.877517249704
15878.705560030066
27429.838558123305
41341.36255146701
34249.34225400455
24823.54606057177
26050.0
18118.966136022926
18283.0
2672.0
24234.0
61428.36461870442
24413.289678064662
25662.248246390885
37545.21901858016
32106.91372423239
24741.0
23398.0
18823.959056890966
18006.495767196648
18485.0
13834.829260767841
18687.099442797462
18634.0
46618.0
18492.533026675108
29301.441142269323
36583.10355084914
20397.014213623763
3853.160381766512
18422.950217770012
39269.78051013668
29874.047483653703
27550.84959916754
31083.295914460236
30012.14272956862
20049.0
43910.349295632695
16562.0
17326.581629388464
14595.0
14595.0
16877.0
16877.0
16877.0
14521.0
16877.0
38107.52418007282
22200.0
33706.5820783997
17418.713505615386
23436.0
16894.0
16634.412692189166
20076.593317943963
50740.0
60299.649043055106
26139.732849621916
21725.12430175366
23111.008578000565
20491.376093013503
20500.297724451586
48819.0
22726.238859724064
23205.0
24694.26299815959
25547.041705782038
6914.275267517376
9080.0
9080.0
20424.0
48819.0
14315.721830664674
22232.0
12856.221454944469
28066.980883602064
15565.532580641964
23407.42137458763
20017.0
21969.324014755548
21300.118644228714
22554.924360705358
19681.29523834609
10125.410712231142
43435.139361882815
16491.0
14718.820838741183
18433.699128710818
15984.86586629838
16694.307669199792
11169.0
30357.08501248087
11874.0
4830.0
9791.484649792643
14670.0
13463.0
11874.0
11874.0
11874.0
11230.400358438781
16703.59195140893
13438.0
13438.0
11224.509622007059
12608.540210458305
10737.0
20597.815294410902
13263.0
10737.0
10737.0
9931.0
7493.0
7493.0
9931.0
13438.0
10896.994783398668
3639.0
3639.0
11016.030425368786
11431.0
11321.735536902255
9591.971872396309
12695.647803163602
11813.965774145261
6253.610637260673
14284.920824551957
10865.930997825577
19386.84852912174
20942.777001396826
3264.0755954484302
6576.030964161394
17995.45165710068
14998.45268536801
4293.700793527872
13275.139859322131
2398.0760614190003
3068.265756230285
2055.0
7821.141411206002
14627.707267888305
14215.795492698631
4911.536990177
20779.0
21873.629011510486
20779.0
16388.0
3054.660754878061
21122.55459270937
3200.0
38171.49400875044
3200.0
3948.0
29982.238613594047
3200.0
3948.0
20344.707157320758
3183.0
3183.0
3948.0
3200.0
10547.01058627986
2792.271826152806
3125.5794121900326
22880.92385870065
4431.0
19945.94644818121
38264.0
1768.8420014771075
27638.058247384015
13179.73929605584
9541.398633794635
30699.695146983133
33064.81075980756
20091.945978496085
1545.1299562783815
870.0
694.2038403642111
672.0
17456.804191269148
891.4549574010066
672.0
672.0
49405.0777258145
32684.22915856727
35266.49014119306
38761.47088162093
43497.0
1817.0839199652087
27330.38492224027
556.2815652216534
28299.0
11938.374912549873
1259.0
538.8673412661335
515.0
29193.659798113727
2253.9148972685007
4572.0
2682.2890375161346
8650.668119727543
28596.10856399302
2236.291723008969
3796.3977803619046
1078.9760874953413
1882.0
608.8103801224281
5003.37667840189
668.0
2643.6657436218557
545.7726731271117
835.0
2053.0
2583.5491462018354
17720.10090301108
2557.0
1596.9407396932033
2903.6554481093553
2853.8001673142644
2905.0
2053.0
7554.392947803019
3008.0632464655646
3031.0
4948.0
2446.806498073913
2845.5784868017568
6303.129546017807
3700.3561991365295
2647.619850921954
840.5084118054797
2380.891534122295
1572.0
7756.1975246466045
1080.6700804936374
2358.210784140163
2643.5278959728103
3689.6389968262265
9893.217300395772
1574.911626119701
1417.0542138127905
1910.6102941168294
2133.219531286558
3752.891376273079
7847.078531805752
1312.6337816093587
3798.8290644002122
6479.0
3213.2213576738814
2254.7089184324045
3801.0926167439175
2129.2909162500155
20779.0
18962.0
27110.376263581908
31795.26748740523
19101.935842782776
32309.323059561408
27162.0
30600.646109364257
27689.50630441305
30823.38686057743
28423.91875495817
28432.234615214096
20260.887237618645
21814.47203189154
22699.94714517112
26245.836771989238
18553.0
22810.87242326689
23205.419141696602
18553.0
2557.0
22844.519688089793
17262.2010519806
18553.0
18105.670321925743
17961.64430172973
18582.134595525644
22872.065319052203
23551.45281094667
24176.0
20917.70725586479
22800.84592369513
14877.845481983848
10004.549949536184
18406.244304922246
16698.580490938984
14787.0
14787.0
19112.77884015074
17682.375353216514
9266.240238149185
13746.197548867602
10776.352037941866
18051.0
17319.94149969826
11513.0
13174.400225914935
14468.714008936508
18916.051730180843
19741.0
13349.857470489222
16280.603843277668
13871.739881617508
17745.007410438095
14804.438573465357
14723.218372945737
13275.0
13275.0
12883.0
13676.97917551767
12883.0
12883.0
10202.273075104376
5043.970833720707
6339.9001412323805
7109.5066346411895
11490.103641667061
6296.956598006254
5820.741066153621
4198.779106224318
5959.9227893821235
3760.0
7531.337716985441
9533.569273895302
3891.3173309616577
8781.603445808134
3968.4004724463616
8089.063905384962
9328.962555588654
6598.810578469258
5684.138237137114
4997.0
4704.381096360265
5400.812595114268
6401.748572850542
1514.8761709407634
2783.0
779.0
4842.288693632716
378.0
530.1621488121575
5974.850978511977
6969.271600334998
7556.658719077739
6311.583188670529
5586.0
280.0
2339.0
3204.0
5101.552229357707
7953.048253798786
8821.35734363802
5891.0475825185185
5727.602023104899
26.934129487404856
135.0
3676.001992556578
1886.0
1886.0
2252.0
2252.0
2118.6479972425996
3216.9335318861604
3522.1506655127223
987.168431604249
2306.635608103463
2173.7316605602823
1482.9738423886988
1519.2376529695755
1656.158778091528
3735.855326979604
1796.7119107950948
1654.0
3175.4941211862433
2139.212229506932
4039.383677705905
213.73834759186724
857.9124790997121
1373.752804712157
3426.0646796105343
5971.0
5971.0
2023.0394734528184
439.2097850771547
384.0748656531185
4034.0
5852.698139181981
1455.5524597574909
2047.359713592634
2271.468845302051
1635.6833322061077
990.77932948263
235.93708484419923
1371.0
1380.2561713416694
1055.0
1358.8980379730876
16184.0
9246.721343887066
22066.8119839971
1477.5867265956801
1283.7517165924046
924.3711932118272
1027.719586457812
525.4791204180978
1086.1126290098741
25241.122939677734
4001.7426159244483
3676.0
1563.0
1282.0077308085304
870.0
888.8704037518669
26936.654491244735
1787.0
7529.890938758268
1653.621193307354
1495.0
1245.1185723172403
978.5586159625581
1178.2630410548306
1175.2539805551535
2797.0
16718.6582649537
3477.0
1752.4011214603934
1248.573592197613
1017.6079239009684
758.2124783261045
2814.5952951532395
793.7479824407449
1952.2024347831314
2433.708129026365
1471.733390100166
797.2661993401513
178.59573664569197
145.42572001741289
47.0
391.5195136178846
1158.644285990422
119.04292262459991
1495.9967418368458
747.1347843687536
307.0
307.0
437.0
528.7369268475042
566.205191314268
570.0
570.0
484.4222422771064
403.4476162659836
366.0854000242141
411.21554946460986
431.2715690304777
458.9066717666815
335.0
469.4741690891944
335.0
442.8238563646761
389.5455005823618
478.2784595808367
445.67976311788055
423.82614966746206
444.5661000450044
598.0705253060886
794.6034837940373
624.2623369996763
522.5862463719445
314.0
586.7427447313225
542.9502288845276
453.0
428.3537088022414
430.0
444.84432302104796
615.416368640972
534.8495128005173
542.0264677733526
772.734895761973
1065.1774598613533
2938.6661306468804
976.3554070036969
988.6115036174606
626.7602530057405
2063.2190029901294
539.0
639.2837909850925
515.1358920131499
519.9819513774993
472.55674693906093
789.0610207593882
545.0681708175632
3446.0
471.6568326696654
591.6647634256097
1715.0
601.0383608930435
503.4486366610394
1550.69958989844
2879.59461739537
1587.4989957846103
681.3835567345136
575.3040242037047
625.3267431979725
587.7233508038308
1456.0
1456.0
522.352217490285
706.4979758749826
547.1540495131687
375.54191020446325
203.11581419894992
912.4455310302664
2614.0
665.280946728242
637.6338424941748
575.2157660800704
1173.0033216927154
757.5782331507008
1208.6377891818377
1662.7455256030253
2004.8167017827689
1304.082336150439
2446.2061506733585
845.2430656194872
2579.6086146467087
400.6756964957676
390.2511469263334
1508.6289921667283
2715.8532720268313
2848.174767606689
2820.0
2820.0
1254.0640755648665
1419.0
1419.0
1346.350225376001
4908.604897768954
34722.0
2390.0
34722.0
34722.0
34722.0
6171.0
6171.0
34428.537016814385
63367.0
943.5799782802105
8322.145070717232
63367.0
43508.403106242535
7732.520763844291
63367.0
47698.927072563805
63367.0
63367.0
13296.334735469329
63367.0
3120.1038369246417
1470.6659609162418
4594.0
4802.943678194256
4752.0
9095.0
8938.385624204602
18062.036510378766
2871.5071604580903
1262.646173761449
3189.0
1394.04193605761
3189.0
3188.8806752648447
3189.0
3189.0
3189.0
33639.22369463334
32121.48847224581
16843.831672913686
9641.098855848039
10595.165128592895
6252.275387903384
1422.0
820.0
2263.797920248039
1929.1908122745178
3220.7357587894517
842.0
2521.064911671407
1545.0
1101.2233543541101
357.0
1020.175175472232
1428.7654292872958
4208.0
4208.0
15448.203840712406
10277.335473040104
1535.2089859866544
1157.7878287472158
4948.0
15321.02324388023
7451.760267082659
4525.992643116015
14495.10685318086
8350.795370986183
13358.393775658871
4416.455651857005
1160.5593640263871
5375.6001085428325
976.3012747345991
2712.6863025528487
2322.226606833662
4903.95829912271
9106.819594731549
5360.0
1579.382764956553
9399.0
5943.138930617104
4843.0
1768.5892533372753
3128.35955766005
5043.533680869525
5941.480910116489
1379.0
3829.931561582389
5355.2048297260935
9329.32171027099
8687.0
9621.066253985762
8853.0
7922.252914884801
7692.0
5335.106942048969
8253.899069321717
6431.062902112279
8667.0
2085.195472898853
3769.4050906120224
5344.387200963759
827.0
5187.0
2836.4139228824524
1937.0
7692.0
1937.0
1937.0
5187.0
1937.0
8071.353679372023
3087.856949340156
4597.332363037977
5129.747267911192
2019.0
5398.6646464931355
3534.6296842682327
4196.697399033475
16141.0
3239.7229262844908
8387.69010288557
3326.013636145308
8069.824473976478
6709.319672132248
6367.987774564958
4646.0708199481605
4497.18570876335
2426.590131895661
6124.0
6245.0
2519.0
6182.369461236857
2519.0
2327.443135557157
2519.0
4984.20479739561
5354.476288920547
5879.0
3969.0
5879.0
4899.839058161793
5541.298956693222
6676.0
3175.3312100848184
2365.6028581455116
4846.330916674021
5958.181788325694
7130.676889360658
6676.0
7652.781994901378
3117.0
6293.464666377161
7070.0
2843.3024669243187
4065.898390520456
4123.0
3703.508483725976
3860.0
4123.0
4123.0
9509.73711738523
5347.448743505341
7070.0
4276.364306649448
3572.7318466110346
4832.0
5394.793130704552
6438.722070730633
4832.0
5927.769877385341
4193.0
3768.8318064476643
4832.0
4832.0
4818.897148604423
4107.737115389616
3927.4539693995453
4503.0
4080.4110285908937
6976.523797497204
4503.0
4503.0
4963.281395707582
5560.3167323508
4483.620739666521
7744.830809605118
8453.024364014329
5001.428036300485
4548.914839382498
476.7372263716479
554.8088460196722
2153.0
2153.0
2153.0
876.8773053552056
811.3888877556868
654.0
351.8228717691326
438.3235897685875
315.4949157913159
517.5826566216272
3594.2606864029754
269.8489040883118
648.4779915181083
2295.220452825945
23840.359323959725
392.5894629828751
595.8842968299655
903.8739688746934
293.7093119044934
36.0
17.0
1949.1178508408757
3145.5963308461223
2123.360020017496
1215.33399228705
2088.0
2947.7226372376335
2550.866899610477
1724.4204821868843
25.0
2716.154101003305
2811.8637267053136
2796.0
2796.0
694.1274618588781
1299.0
657.0
3155.0752905240342
2888.740297444609
3077.0
1882.6119026166184
42.0
42.0
40.0
42.0
42.0
42.0
42.0
1063.0874092052325
1059.0
5583.0
5706.618617193777
5583.0
1767.0
7076.659536171318
2117.4498933768505
2983.0
1483.4234796603985
1059.0
1214.127682062388
671.9208090494628
1905.0
1905.0
2687.0
1272.9350276914454
1059.0
756.9868292157764
1059.0
190.0
8842.0
2595.097350699033
9049.747579051553
948.3773314958697
2048.107542646523
2229.987424479923
4671.839197044247
7032.530113647774
7320.420733720864
1877.0982939358664
16741.278891645918
1356.8301879695298
1077.1342877262236
1083.0768449186182
953.0485352935258
481.9916574685973
24.0
32.0
617.8064242121748
1275.075266637722
1267.6909255967819
1118.7223482647428
1214.0785929430183
4773.662903681669
1217.995833167829
1438.2594926000813
1178.0
30391.19935997852
33262.048326664015
25134.0
1178.0
28369.90524153829
19.379234757116098
14009.500353349062
1076.131530646145
990.3939919045206
1794.839721252711
9893.12325104938
934.4647818679568
1084.7130667078789
4442.0
1171.4159375727659
2898.5267970667483
20.0
7025.423225086794
4207.450668253712
376.68212697773475
1264.864029108056
2126.8846324378533
2642.0
2642.0
1799.7019503555964
1701.0
1701.0
36.0
36.0
5934.27838758804
36.0
2571.0
724.4816029928428
304.57521044670904
215.04204438255817
809.1548518745875
880.0
374.27891208726555
107.0
63.0
88.0
88.0
160.0
89.20818474072642
1354.0
1354.0
251.77736888530802
700.0
669.5004460832467
217.83680924449783
1076.0
1076.0
1076.0
974.5829291210695
1076.0
1076.0
1141.6083129223543
940.6591828707437
297.55914873601813
661.7081672345308
835.0659382146126
617.6797935330558
742.0
2059.30992349515
3142.46397931129
2655.462981122035
791.3047097323531
1886.2127384824587
1120.0844737158225
1498.4367705462441
1276.7211906624125
4332.0
2915.4015571425234
638.0
3879.549800788794
2553.7397969245358
3886.444661401929
2155.151505924693
1729.9988061371778
3194.911618555938
8257.500745475245
12796.046810783642
27541.366069468793
29866.16411379954
27475.0
694.386099429352
29809.81652092477
19873.416318316005
15190.820746930971
15594.943155179973
12368.045753458697
7842.251272223608
10120.421736269138
528.6716071629751
10510.0
10445.24294966474
6044.079938881296
157.0
124.50629274938545
1474.3533163882933
2155.2897721721906
146.71734743558193
165.38210735768703
1684.0247618798371
408.51304051911825
94.0
94.0
424.3001951195573
154.0
410.76171803854606
312.0
312.0
830.6012777066123
312.0
1501.0
516.0
519.0
446.0
446.0
446.0
270.5334908848258
275.00633169036087
122.0
71.0
21.0
11.0
18.0
11.0
107.32142138845605
20.0
8.0
8.715281269330841
28.564356725566924
37.53121617695757
10.007563486241086
78.70145336907491
19.0
22.0
22.0
1033.6072374138055
22.0
590.0
590.0
1589.0
1589.0
590.0
946.2660167672857
1589.0
1589.0
864.2220618650915
3257.6299629930345
3041.0
3136.0370977469665
3041.0
3327.8272757903314
3541.0
3541.0
2588.664583101344
2037.0
2874.295784088304
3541.0
3098.7467581398764
3474.6315658947397
3485.981862784079
2580.788684264262
1989.5856119005682
2051.005691994211
2848.0
2848.0
2244.8070824690644
1871.0
2848.0
2848.0
1755.229331976152
4476.6734616209405
2843.678497022443
2229.5752588931955
1930.7353736719604
1927.9450434623423
2292.7046463591623
2698.0
1974.0
2588.139547067104
2164.9920162571243
2407.6775727212716
33.01538156232169
3328.9207682701385
23216.70876532462
18068.998095163202
25170.71742832594
18558.0
11859.907243128768
14796.371611134091
19966.05703540661
880.6592286785949
7.0
7.0
257.74630618572985
316.44335808527876
479.2770583423916
279.0091162868348
611.1996461739442
342.43161405912156
333.10116431520333
1140.5460613632545
1823.0
1840.9126973034427
1064.049967982973
2734.0
2734.0
558.4462877580314
147.0
2189.056527209753
203.58295557391426
895.5276092277709
1394.5048674599425
237.54829233945122
2554.177134172217
2627.130755098573
4014.7205148275566
7930.0
7930.0
1755.0
535.2476165895923
2107.333858466812
25152.504113809395
940.6016424054276
3613.395898397711
1893.5208494522637
7830.504671900762
36327.05354584966
5694.455796384493
34365.73785770734
35304.41744387994
17918.282839590043
4030.1241205520446
4272.0
2013.0
43287.601334145715
25822.359062028925
51359.86299425906
6253.227218881208
5151.0
5151.0
4823.294912844135
5151.0
4814.651887705905
38654.030340746474
2757.348342905978
601.6847061025852
746.2500766685565
264.29067182324405
214.28060608036682
335.0875856352127
13857.0
768.0231638277858
3538.1401506645434
2074.7446060239185
7979.751098212193
4009.5183501032193
12339.188835412553
11278.433593363397
139.82046714367198
407.01136932384526
4879.007838158921
833.0
387.90306005595096
830.5780754300449
1065.6877750409521
167.11529575920062
433.3170762554029
1071.0
580.3027873615883
568.3707022078518
82.0
82.0
479.3426695084048
451.9073762739722
79.97809701993921
2359.787497782373
1037.9370483919863
660.1898937233595
132.4014221924052
39.78362780537467
138.0
26.0
10.0
130.35336151756667
19.251328641804154
538.2845562232532
530.2274755663476
1780.0
786.2990293145274
1780.0
1780.0
358.75454800618854
1534.1793285915114
1278.019233422607
1702.21139947981
1396.152395916758
446.3472469570683
1609.6135668598445
569.2914636988921
993.3642365187383
1096.1277139753115
649.3899827269561
487.4367410353297
332.0
1101.6601984138
954.0
1567.8152296678113
954.0
2556.506067953232
4935.848777321883
2631.827785161493
16363.0
12518.478753020627
16363.0
19861.0
740.6341626706115
10805.0
14356.48805818337
15553.419740372346
15817.032781079884
13376.0
10805.0
28619.0
28619.0
16350.24232255729
1622.9826921617257
10805.0
849.8644734673857
631.1679172285466
418.7773192989091
6103.645525419786
13213.921390398013
10805.0
25923.668163267434
10805.0
5033.873016597591
27136.67290554715
21085.0
1243.4906206830228
16660.0
163.90854011364885
785.6561262544108
4211.593286258573
10868.959061640775
4946.066473907469
2828.3255293125567
940.8966881652043
2500.7558633706913
676.0047961152586
822.7738074321368
2534.5591512559213
565.2441016082502
336.7874878708154
822.1198795809876
742.8046840568757
805.3693030918155
910.2498976936755
592.9945449914837
1678.4264040271669
1266.9192099103832
1904.2870656118926
641.8340413629984
603.6399862085283
1072.4627199378497
904.0478159417388
766.5165748228621
954.6340705409427
890.9674142968573
886.910484540428
646.5559257546984
544.379519349993
1129.826204223106
693.6267408262038
1130.4075694997457
625.666633829182
719.0484538211672
639.8115480574317
386.37197626369476
716.1560549066908
665.4410381156737
446.2875711412199
667.758586181638
259.8598944363361
165.19021266130943
398.49416978550255
776.7759524687433
605.9964331077364
28.0
30.0
30.0
23.0
23.0
231.7430296738332
275.2580665968309
126.30142583907816
139.95687226507624
172.15518220372647
423.9375145380029
536.7450140649136
3508.0
1804.9800312620237
1711.4439651035823
2398.2073683243716
518.3753685257527
1179.9034701020041
756.271576369304
567.5414134459926
443.0
443.0
1858.970235668877
2954.3404382181425
1208.9116605153683
2021.391548622645
1424.5379347041637
490.95020253279574
442.22433215496255
744.1223117377377
580.7357210994617
1315.2939320455196
270.11907052328127
908.764968883148
541.0
320.18959939939595
878.0
1302.0319193242588
2097.3597961282685
1994.0422322720897
2598.3518901047887
1075.0
1075.0
1075.0
1349.6253062900382
2190.6470563194716
1628.0
1734.5350626402746
1615.0819162461098
1538.8393135365773
1628.0
1628.0
1628.0
1628.0
534.1769350975009
1969.083859188252
315.67494876319296
609.0703293561198
315.7080931487371
675.3012569544447
256.92531181968053
526.2249815412545
2228.603152015963
1175.0198497736026
1424.9723389203934
2619.4837647386557
6650.413939190286
276.32867410355135
315.20054846571935
1250.9885446151584
1756.7491143198981
3262.1517485536715
1235.7694881953148
1669.6132535695642
3540.657699177446
5305.0
3402.492378353096
1762.7665965412966
1580.9402817436437
3310.0
5322.5057915187135
5151.202547966552
8999.3261231908
19953.208383836387
12202.68150878335
5007.690967776331
815.1776936090594
3748.458420854651
1015.7869651118631
1760.0
3642.541850574229
4817.524326656736
3828.0
4643.937451087694
10652.859050247895
5713.178152405733
6665.213778904723
12763.1307555772
2214.8576486777556
1771.5102762372526
2641.226553181022
2138.638451853543
1346.9324722372035
863.3685190984054
4076.312802396824
24108.0
1068.7110479076948
2282.0576736956396
21081.0
15076.521412429953
24108.0
2464.6190483248147
23564.710286803966
3263.0
24108.0
4444.053738881432
24108.0
10202.356838429694
2864.4558216481146
3126.717346283228
5969.20535264621
939.8455124651912
2693.818739644653
1547.479574376452
2156.592777652826
2206.123829364538
3788.0
1155.3223696266164
9901.43705088703
14280.0
616.7782536225212
923.3379156545354
13483.938165186808
3788.0
5654.237921775912
343.4120060121558
709.2570818236792
2835.2158608382256
565.5376935110783
295.90943246008953
1842.0405924507327
446.77103102098647
224.82801240094153
10690.096107133228
7998.411214995006
787.4851764844768
421.9639714315982
2213.9741695952684
1531.2595009036625
848.2622561733476
1270.0417667812644
4781.0
1163.2260601636622
4781.0
2767.309254491764
4331.038106808378
3151.8381145239327
5167.9848815842915
5981.0
5981.0
5981.0
1949.9690959978357
3349.0
3640.0
3640.0
1794.484299529115
1740.7495506395721
3349.0
2812.634637689016
2492.080415547797
140.63602931010914
709.3380453999158
1689.784462245981
355.1068236957651
363.0
2826.426774540911
794.1639596700629
231.35231268249552
471.0319716823442
3103.8255128721703
3934.9277061752546
5141.518722437806
1739.858820889756
2316.8143562366863
1046.0
2309.016256763127
841.8168638130428
1653.208971906466
1496.3467589510185
1184.973494668918
1000.5045447179177
1663.4143170446214
260.0
1232.6890474215177
1017.2498879360745
1092.6745028535902
737.4972210637195
410.022166235118
192.59762396175128
276.4703517294865
1063.917994162724
589.6819486192483
2526.0
198.5659536930702
300.9961051337799
2486.950133933511
446.75259397687194
1032.4637700118897
2526.0
1533.1022711347005
968.9263354763573
843.1679430172547
890.174724904404
968.5998811568381
538.5521779570561
1423.6760130655646
1067.662079877229
976.2429964779889
1120.1913007257572
3118.4898077343514
1063.1098591335956
2810.879514756031
605.4323347329051
777.5871831007792
1428.9729608475352
803.9632290633122
1330.7825543216004
295.7108236816123
325.8588017311645
146.0068833419711
782.533776161273
826.6029725423898
898.7743923642339
1056.387704891254
626.0454569069274
1288.1518602373214
746.1457956767288
1131.1174989169483
538.2727184702846
744.1158854771609
846.6149654399733
315.1185770969464
1480.656437797397
556.8421718530228
848.2989756880953
1076.0
299.5024183468287
518.7553525522237
777.4275922332546
785.5721247758307
665.7992682693546
636.2792783513084
412.32469584437763
590.7508703522619
1098.1357076485451
815.408953944497
726.7223015718766
919.0567281541338
905.8786836588894
576.4256161394505
655.222590074072
553.0
553.0
567.6650658772852
1002.0761275978136
1038.3319441124413
1671.12815012594
1031.949685178888
1646.0
1542.9608163473852
2015.9253896275723
2004.3846079670175
1975.330950717709
2322.4636390342116
2456.18862373699
1647.5022843225343
2654.6205233684027
2364.06210980173
2822.4958077200063
2226.0
2226.0
2910.2141168079615
2226.0
2226.0
2226.0
3344.0
694.5529369786792
2667.2239025910258
3341.3493298068465
2749.6706150521823
3746.0
2641.637812267157
2435.2291629730453
759.4518383664673
1465.7357341151883
3815.1620867213796
3089.5208905748123
4948.0
2077.307649591629
4136.404840158632
3188.71810524121
845.7326882295156
2587.9284941027468
1270.1925258125113
3849.0
3849.0
851.5649723404201
3923.4223073252406
3032.0328744676594
3231.3750985306006
3451.765271731493
2472.0818055586606
3461.3470389947192
3193.3597089941313
2455.445881956485
2386.0
1062.4265727381232
2633.4048363838247
2062.9698806179645
331.0
1038.837446955238
2386.0
2328.256257678083
2969.9486899998715
2386.0
2914.7364831463974
2386.0
2386.0
2385.0366766802213
1423.826247085311
598.6838168734428
2585.2670966603296
2665.127628351259
1419.6857231270542
2113.0
2599.0
3308.361935620336
2599.0
1052.1175562837254
2900.8183566770945
2733.0625688600417
2946.900512954926
2969.0
2147.6265622284814
2969.0
2351.779233534291
2500.4640503302803
2113.006178142109
2285.0139770419205
2528.9778408278116
2691.634506457712
3633.480348115966
3320.0
2200.142726179305
4056.919839375794
3320.0
3773.0503651579324
3860.0
3860.0
3860.0
3398.887978581146
2957.583178999038
4052.196880519785
2683.604139928611
1598.0
3236.682135225056
4227.469145686525
4561.0
727.4157552341734
1598.0
4213.305501381315
4561.0
3922.412596763229
4561.0
4561.0
4561.0
1933.5471032922842
4561.0
4561.0
4189.2502249693225
4379.2171002610785
3933.2247517377027
3707.258124664203
1528.1636158254528
3147.402122172834
3642.5783589752978
3761.1660355989015
3849.2735729076644
3879.004212149857
2500.0
2218.0
3444.820855226587
2080.710911889747
3225.610461742912
2460.3038581994374
1967.8240852942781
5150.0
2725.0
2501.0
1435.5839842540986
1487.233154509374
2096.394916662853
2748.656863809484
2226.80670790776
1288.0319691886639
272.0
2275.1372350993397
3510.0
5193.0
5193.0
3560.1635259240375
3172.76278615489
2898.0
4228.0
2570.2483828793324
1626.0
1755.8450712159056
3399.72765618995
3273.3352732045532
2158.202052092046
1276.0
2600.682888086604
1626.0
1626.0
1626.0
1801.0
3599.8689670381304
4228.0
3479.9732800535476
1756.104964374284
1276.0
2419.6544966785386
4744.4142332047895
4373.302235935242
4644.0
468.0
4644.0
4644.0
4644.0
4644.0
905.6307187305865
3074.339374061645
1238.0
3526.0707295367206
968.4079508223568
1854.8760202008687
2782.665111049643
1136.0
1395.0612361392916
789.3099697801839
4711.526794210635
1829.2653327007597
5676.842485955999
2538.0
3796.8214275321925
32440.714035531444
2422.135520240562
5789.40115719485
105382.0
29568.253427749714
4900.0
5613.74680361603
1046.5106908893765
28445.1144814703
465.78992835678656
2098.4996939706857
2561.3015358223347
1541.0
20085.353626245436
553.0091594879586
1032.0
1563.1879790737967
1061.164686052794
818.2928124510743
589.2044803884066
1032.0
8682.698611067095
1577.983638840097
682.0
3526.6014781853196
4596.732069374512
1598.9983564665376
2979.1644631406407
1278.337303354098
5909.703730663605
5250.857883575948
6134.196465778743
3066.063768938173
3969.8610982735445
1627.5704788000182
2616.0091107863154
5229.0
23076.857692483027
24851.0
3558.1440205756617
5229.0
3232.1562049622435
5229.0
5229.0
5229.0
5270.804033918538
33327.0
5691.995489964077
24709.269898400096
2781.359689340993
27040.36025531644
4544.0
1702.2909546952108
9921.49379389585
2689.0
3205.1029584125563
2089.569154352788
1479.0
1760.7316970823763
1224.3568512762854
670.0
2471.370172635989
2545.0
21319.295527478836
17139.0
1673.0
2781.598257559461
1031.0
1557.4123195007119
1627.2518554145013
2068.0
1059.0
1059.0
1372.0
1968.6437289411324
1133.1933913851885
1431.4179392345195
2414.3085183451444
2325.0
1120.0
1120.0
511.0
1214.1249650842603
703.0
703.0
1919.0
956.2313953988339
991.4886557300678
9090.909053222844
397.3915297923729
1919.0
1273.651835903024
2215.9804507310855
429.0
10641.056353719217
580.5150876000696
900.7522166989764
412.812456475284
580.2552068335781
615.9182386448006
2488.6888399390864
5070.753290663192
5151.516648950899
48.0
89.98523235329652
410.0
405.7002515967541
736.0
363.0
357.43814124498147
580.2690650483967
590.0
476.4064314069036
204.0
339.2707650169612
176.0
756.4902757707848
1276.7714196625247
1157.0384339679642
750.7738807700428
498.3914753969947
11153.221417896668
11174.064974185008
11878.0
11618.575822237814
10556.61432429765
9552.658868577517
10050.051822695517
9585.972795493033
8992.87346200764
8934.545768706545
7565.969475341153
7328.874218703971
375.0875398609397
860.6053902367096
2235.207811297459
3400.1706054600572
3889.664904686888
2575.02956338655
41.0
42.827365439879166
120.0
760.0009571393387
29.0
25.0
325.6007650215751
14.0
14.0
14.0
14.0
14.0
14.0
12.607310220752234
12.209442646498818
12.0
343.0595183232678
845.0
377.99633866593956
157.0
68.32067792651773
39.0
295.5771207039496
102.71358190357772
22.005364972302978
44.86026157141156
27.598173480303338
86.34766423380849
50.13932394528897
27.988891486116767
115.0
40.76487362035314
4.997475722461459
20.520230544819725
10.340501361476878
75.03913882557333
743.5365659833742
