gridcode_adj_percentage_product
32.91920095994003
35.0
53.0
106.99716525361325
1470.9053296822822
886.0
4796.9102125246145
5661.0
197.62498534096363
5661.0
683.0
1243.2134528768138
7916.0
7916.0
7916.0
1057.0
922.997575054925
1690.0
690.5304112058246
1690.0
1545.5053005296047
6684.648724088018
6351.115860893044
900.6169629834766
2169.4090080656006
96.31111238947123
138.0
138.0
45.0
45.0
24.31716174517869
82.0
320.3152618953795
222.0
2305.0732418108814
3102.0
49.0
49.0
20.0
92.53603697544416
1413.0
1815.5935710357696
1717.0
643.0
1680.2156138519147
165.34645283202514
1226.0
722.2491294922417
322.0
145.21448481379983
322.0
953.9957185639898
322.54875571745333
353.050472287631
56.0
86.0
8446.893434303487
636.9970694331963
570.901933574242
11334.0
1383.0
1561.2237512285378
1627.872123608482
7490.7160541898165
1985.0
6143.497711795477
1678.0
1757.0
353.8641126850399
339.6661467862971
1001.0
1001.0
883.5418617674418
1835.7164843287073
816.0118798856486
1068.3980347379772
664.0
4155.013213185917
982.0
867.0600668426567
399.77220226175115
737.0
924.5367471011302
881.0
737.0
3756.666125515706
7250.0
749.9720962016902
983.7701078957364
851.0
851.0
5569.002743677143
2445.0
671.0
671.0
1843.3099055168573
1194.0
131.0
1105.0
1533.3009189761478
2168.0
1797.994962535707
2423.042412375899
1590.0
852.0776071485197
321.219312076829
1851.641435317042
2654.588717816391
2953.0
3045.9266947182905
2953.0
3339.0
2953.0
2218.7574063897014
3218.0
1590.0
3218.0
3270.3542195501796
2029.2719419956265
5165.791039590695
4724.82133907113
6910.0
3189.342972413927
3122.5128726337684
1473.0973940370545
2180.827974769981
4409.0
233.85576330631653
4800.2528774556495
4432.4065628599365
5241.0
3574.0
8802.959250213979
4302.351682019279
3574.0
681.5412770445903
4001.7016250765646
4081.5558461811547
4924.0
12182.657796560181
26989.57988088011
28718.0
3433.289804509079
28925.249573835885
30170.0
4924.0
5073.688119226656
4839.530620781763
4222.652084530195
3994.0
3994.0
26541.832574406104
4954.999941433411
2815.6399747030205
27215.0
15064.434871170824
485.19103278128
15095.887072062867
27215.0
27215.0
5221.302607420993
3334.110050189044
9204.0
9445.49578682947
9204.0
9204.0
9204.0
9204.0
2573.0405675262427
4309.806330964557
21497.05064430793
8965.323275482475
2940.9737928629825
909.0
5188.6385455113705
909.0
909.0
909.0
1559.0
3657.9056338242226
1535.4026857088195
2428.0
1227.0
2011.2762004977853
1365.474750941666
1227.0
1515.0
6384.584301113171
2359.308935319874
897.2673061790337
535.0
501.7061775248541
136.23896535803544
530.0056372977533
157.31170168066606
276.02116951295613
554.3567361740329
122.15472180109475
2968.547378323673
632.843642254088
1289.554800866253
2141.8940089965545
1634.6510542592264
1124.4249131488805
1294.0
1908.8798255514562
1133.2529945293272
1107.0
1294.0
1359.0
1359.0
1098.907906850302
1844.9916547847517
3080.0
1158.6119523983461
1646.1426302861514
2164.534982708078
1718.031743266644
1930.6608600758364
1303.0
1152.3899280966548
115.0
442.0203777681356
1998.2499877852888
1412.1119241194028
1722.0
3810.131376951904
5438.205547431854
13945.858625703118
10023.141970247128
8186.0
6346.2193524427275
14208.97253992948
15233.87600386226
14257.0
14257.0
12981.0
14476.584587108977
20765.0
14478.365675574903
21789.0
18849.0
16472.213667574615
13320.44061397027
20766.748741385567
21789.0
18849.0
18849.0
15152.650989614493
16269.0
21253.555571312212
20765.0
21789.0
4166.272406292424
19576.137336148793
23282.235381275932
19134.43625297681
22450.277650564632
21771.0
22169.699734443628
20889.56567012579
23726.0
22201.0
20778.722779122396
21771.0
21771.0
22201.0
22201.0
16882.218374931028
18795.951344496203
22201.0
23643.751942695613
23232.325398365138
22201.0
8311.0
22201.0
16112.0
21007.285295826452
23726.0
16112.0
9652.0
14062.220451732292
11004.0
12967.988511676307
2272.0
2272.0
2272.0
6362.0
7399.170403618909
8456.0
644.6919906675979
17287.18717859614
5860.298190120122
11004.0
15099.0
11004.0
5997.0
57467.0
27898.0
5997.0
11004.0
6814.163786050628
2343.0
5997.0
5870.940050396927
27898.0
27898.0
17512.0
27898.0
29329.59292985103
6775.029589211551
49711.36870135005
5997.0
57467.0
4189.282768325561
9548.039995380415
6362.0
17240.0
57467.0
6340.656529743107
54626.97749850218
8456.0
9816.04345754114
22144.503727768017
11005.70365042756
11182.0
11182.0
11182.0
4411.16008186766
11182.0
11802.152872524064
11771.056914039249
7029.090452292692
54421.0
20649.055034797108
5754.0
54421.0
54421.0
6343.223167339627
54421.0
54421.0
54416.05953651541
17525.88297437689
7121.0
21234.05121457309
22622.0
4577.0
39867.451819695896
79835.0
76294.87621849701
2075.0366786766385
7121.0
7121.0
7121.0
8322.295347328163
11182.0
11182.0
9606.086224089384
26200.96108768475
4765.0
5754.0
1831.8032628962505
5680.177609694516
22622.0
79835.0
40353.03818221549
7121.0
5754.0
1336.4412706415476
1524.348016584031
5886.893140215752
4670.767409391092
69132.41397045435
8773.0
8157.0
9844.0
12955.547740035163
7521.009872660496
10915.521688815406
17348.261664215686
55356.16481110171
9844.0
9844.0
75872.92300791663
49877.0
67536.74102665621
56527.44679957385
60848.7408680741
27877.717509828995
7535.377571581503
20092.759346309824
28828.5075281385
8773.0
16740.0
8773.0
7229.971700110842
8157.0
983.9265277243796
49877.0
2602.5484724271614
8375.696039985069
8157.0
5055.903776769631
8157.0
5443.4334511790275
26211.0
103610.05410896499
15872.05022563976
9844.0
10508.816736014665
6386.995422750696
196927.0
21887.527241216816
9255.274464386039
80808.48593917831
8648.156408318073
32117.291314602044
47043.40074928192
43038.436359775784
53004.960705619495
9989.0
14044.499111694045
8748.153799504287
8660.792501284937
11104.185509766958
7324.0
6794.0
5884.129102590189
39142.0
9442.981487070654
41135.665743863814
39120.8495700839
41902.0
9989.0
17500.09836533724
23246.36151532819
37921.05762984395
42142.59244439513
7326.665514200679
9235.982186643287
6743.551478320155
9468.988829519196
6727.769854232555
14407.383479271099
13123.0
13292.0
13292.0
18905.121505702
34103.7751848277
41155.5163807225
3307.0098040646917
5292.0
5292.0
7744.0
5325.474277783606
7661.865879138614
36510.57158413017
20772.0
8444.727171274575
34896.79732012009
21919.0
5292.258482382935
28409.604836465176
5292.0
28546.967071641775
5292.0
21919.0
21919.0
17963.178699686505
11952.325763098985
21919.0
13728.0
16155.399498842286
20962.837168444843
13728.0
19514.202201483702
11775.456095176212
8288.347413075131
71047.89360520653
11861.300796668576
11701.0
11677.643150419555
27899.89125789091
5292.0
9107.2836427378
39097.622533143876
81825.10886433822
5023.050959342652
7360.914058824249
8040.0
5292.0
5292.0
37672.21522087192
9741.0
6256.937498930638
8812.06012179885
5285.169288308686
24721.000916414167
17853.0
20315.498106918658
13832.73670114011
17853.0
8386.880509078608
20635.206879858197
26197.49291903095
4644.470838924403
4619.0
16170.0
16170.0
20980.551281693963
68526.46030449752
32049.413036715094
7581.933261203827
6367.0
6367.0
35908.44859175352
51022.09381127081
3346.7089398793432
3018.0
15953.44610831243
6530.665268757784
3018.0
6367.0
48941.50501511064
6367.0
3884.102741971832
8293.681805968277
5503.93281255105
4619.0
13569.809258922702
13328.10665666502
17853.0
12698.650622036786
3261.0
12710.0
20748.0
18357.732287762734
12710.0
6367.0
3018.0
56156.71322392567
4208.920765682996
3018.0
15786.402432089963
34206.0
34206.0
34206.0
9294.0
30077.36868672459
20042.94813295917
29856.821598219023
30249.593048493447
17895.698137234904
2432.1209298054873
17122.22220365554
8028.06179061461
10738.981065850829
42140.26485325921
33794.76376418976
42539.0
14821.067398387715
5784.031453648985
15766.055529089947
16538.520133153048
3494.52511566449
15686.0
42539.0
5250.645486887937
3455.8829533660273
2774.0
5578.223045137883
9500.0
15963.0
26090.0
19893.0
26090.0
11522.54600216041
6310.68108346195
26990.425591670017
29297.268502160994
4992.0
2774.0
30186.832857129433
24411.332699561695
10111.769906560803
2774.0
19893.0
19893.0
15090.567477655517
19893.0
6611.825092462532
3814.0
15686.0
1948.0556934353278
36758.95631261286
4992.0
16299.797628690514
16625.0
16291.822674602965
18623.134931724555
2894.266654318599
4951.8616527318445
16388.887319834244
24961.223054007358
9063.514092277466
9565.0
30167.819983096455
32705.0
6619.811602760561
9565.0
33057.55178129581
24473.585805396717
28135.874004910347
3294.9431481310703
10114.804006510765
4613.511295385833
48048.41824660869
19773.474979798666
6872.643184159728
18491.919929751897
2488.0457069856366
30176.284968260792
28463.742917852633
34616.0
14238.0
6098.652169002192
3415.6222082889576
14238.0
3820.7041079833334
14152.212625270098
11033.22304992651
29841.399733824437
28037.675266969847
32705.0
29012.0
36768.31657626205
10458.182923346618
3302.386450003454
2957.5368454453132
3280.1079182574704
8655.530642080956
9565.0
8558.396683066623
3793.9105694835716
9146.0
6382.678939669566
6439.019679890874
3952.5512748256074
4238.955714729016
9483.828155774845
14441.0
9574.301082301017
9017.611588036827
6811.0
6811.0
15795.823682135342
4488.522677108053
35845.89501338687
22946.0
2747.8051192471767
14441.0
3884.3112062437517
27764.661313825407
15717.183734662227
7796.830602088926
20907.260133575524
24235.98636633215
13711.947709401133
14210.315491598169
7886.427171192197
24996.796105715086
9885.214308665043
4285.185296787635
4319.819414175408
14148.262319960257
23008.89661418891
22946.0
35214.97860843656
35581.70477423601
18767.456346296734
13850.711393675214
13269.792526537758
19162.375445809346
16727.94223270083
22720.89450975045
15672.114767533398
9318.002138365086
23360.82507227217
26790.41430647252
29047.0
9332.48771085652
10749.0
14041.0
21993.98518481642
29047.0
13860.684257684417
15547.0
19854.0
19854.0
19854.0
11411.651891265594
18997.67683501307
8166.316411073524
19854.0
12419.651382595413
10418.572061530405
14820.686387884478
14670.410926294493
8458.903687454469
18193.47084287592
8316.0
6917.911681728041
19854.0
18646.280250138665
16180.612439526205
18011.78034192528
21327.0
32307.553633503543
15693.514457686435
25510.698567731866
34366.0
30912.267019537307
13760.0
5079.092354301231
5704.417865358723
10649.854247622092
11409.249472432279
10484.0
22969.4547390894
18634.0
22396.14506605295
14906.824993959926
33092.301668859494
9375.34938452219
12465.009310110254
14548.0
12126.76968149066
17294.032061774153
9123.941939133438
13536.75262425409
18580.997178133388
15105.96852881956
11681.0152032523
14850.375532981134
13708.0
13708.0
12783.617532896807
11810.053650386435
8037.294678672732
11931.0
9201.81207649138
13708.0
5071.539353567545
7558.970945645968
7736.0
9490.0
14413.595567023345
8887.993124095183
9490.0
14128.0
14128.0
15555.90934457703
14699.178264403297
12585.551771161703
9192.15324159356
8848.646024666705
10110.897783091914
7572.588387812437
5330.0
6647.482684327686
4219.7133672018745
4365.172016257471
9149.0
5253.3737917337585
4130.8441797895775
3804.0
3804.0
3247.0
3392.2917170861056
8675.467907033937
3853.0
6956.650114864291
7421.0
8602.0
13754.61176991507
11444.215460365564
6629.0
9538.49273556439
3774.0515151855916
8637.01674336111
6754.219560412548
5155.0
6629.0
8825.378602361576
4328.0
7161.298512207235
4328.0
5359.962650659034
6629.0
6049.406699290275
4328.0
4188.345718678382
9380.265708051713
5113.560675037763
7819.02277032437
7386.023398326899
4241.940285797726
7065.012903585216
4411.305766137354
2373.0
2373.0
4788.674478501558
5327.657558838642
5761.1318599971155
4546.762734124041
4667.018373645075
3732.472928019416
4796.118359623105
4037.6337961253835
6893.133147825894
5395.67076766991
5011.078682178455
5466.162121250717
3295.566014549166
4947.6982684163295
5076.5850469481275
4812.907140735134
5295.674633960963
4241.923147163316
3572.9065558091675
4209.343768441556
2894.248746450463
4008.0
4773.350628146223
4038.0
4038.0
4038.0
4038.0
3755.7853828385732
2990.0
2617.500330477614
3930.0979413460254
1948.0
1948.0
1003.0
1003.0
3296.9763327812448
2838.9165034761672
3472.9787144810844
6841.0
6841.0
6841.0
6841.0
4904.494803938307
6841.0
6841.0
2990.0
1003.5991690369189
1948.0
2766.7649619633917
1003.0
8634.738359830219
7733.687741832506
2272.0218836224285
3666.3953730581075
3364.3028124688876
1582.0
2708.500172463599
910.3803270474939
1114.0
1706.7044555806883
2310.241456634777
1370.473363410668
1793.3136696956185
1139.0946955619959
505.45500734463695
94.0
260.28577479654194
282.8300322713351
785.0
379.11256599709805
764.0
37.0
37.0
8319.678260832927
827.0
827.0
7305.100955003833
1341.3698702958986
266.28742429538795
3592.0
430.00670897094864
25.731950315988243
239.45762762621956
190.8384825108993
347.51210734462427
588.3889428061217
116.0
447.51458995874594
37.0
52.0
54.0
98.10418993913676
106.6724426232457
175.0
175.0
142.1294015787433
138.0
162.5442702874763
46.0
36.0
77.0
90.0
208.4382471466617
160.91878912960118
153.7218078643323
200.60184976358534
199.0
147.48702569096997
63.77620967599803
49.0
49.0
1150.6314227200266
115.12805843939194
79.79426723996235
41.0
766.3509417531758
679.0
2416.0
104.0
303.0
301.12061934259856
761.0
198.6638455526854
1081.4560253798502
1023.42649134405
859.3185489510279
231.2508575804302
4436.271363949271
268.82932572293925
3352.0
5093.570784280018
3352.0
1084.0
6599.291339810164
824.0433433696917
4848.0
4848.0
6910.445198487578
191.0
4384.008124451333
8446.58763678218
5580.0
8917.901102586004
183.0
7914.252570601834
5237.441062174147
2555.575515995203
1443.3650361555742
5600.126576021312
7995.557598873848
10071.831040693498
3871.0
4069.4481727295697
3871.0
3871.0
3871.0
9743.040982810966
6814.882492792294
9224.135205057291
5646.173797909924
6375.0
8778.30757122631
6375.0
1951.0
7662.234871336543
539.6470623270247
6431.55605225249
6988.6560413285715
152.052156035097
7585.858100304419
6199.1250572309
6620.089858567132
3466.777416823869
130.0
1147.0
1147.0
1101.3018680593595
2152.777459317933
2519.2551003441113
2201.0
2201.0
713.6465057461417
2033.0779786767116
1997.6200321909266
604.8635447375086
540.7106497914481
568.2875791055357
144.0
1421.8783675410705
202.4162419829793
2057.9441884342996
150.90970903884318
457.0
1071.0
1723.1123453530952
457.0
168.7176292953736
178.0
338.0151132425608
248.6744616662852
247.0
716.3607451260131
286.14052369219183
97.0
182.4354043597798
100.0
155.14712779924926
496.69094775774647
107.1000897017753
784.9199391745078
4177.0
4177.0
4177.0
4177.0
2120.5750033661634
185.0
82.56246766005732
185.0
2865.3842956901617
4271.216516096226
983.1494607608055
888.2450186729516
320.5901322756186
255.06328619530876
530.8361012592395
441.7879821502345
1323.0
159.91204056387164
993.428090117764
1021.4501526304031
415.35486711179453
524.3178065625394
1706.4032601608294
128.99406525457235
81.91269387757963
43.0
39.0
125.49581928588042
149.36935829875316
1862.0
2921.5000534060264
3457.0
4912.669210239219
6112.859814261696
6094.268103926631
1068.9354647583903
6221.581508677781
10672.0
1988.0
2457.9253227308827
6608.0
867.8990940872823
2433.409768765459
390.0798389714159
508.0
701.1981197334358
294.0
294.0
294.0
238.85226463913477
13.024066237225945
13.0
13.0
1898.062628253223
893.7872085182139
330.43459485608696
792.2917021829684
789.3875133142743
633.7827549827003
111.85949456679874
186.40582501157022
291.5437634925271
43.12922115110382
170.2796569558216
1146.0
420.142677776816
2215.716445170278
2535.0
1897.0
1670.53396198025
2383.8508673557667
1356.0
1356.0
1668.9412944280002
1766.3223120880687
2469.0
2442.108645284999
1800.8457723441245
2337.0
2337.0
2042.3666108186305
2190.7951074833118
1849.0
1849.0
962.0915429312131
888.7858061164852
772.0
1174.2779799600585
1607.0
1557.0
3516.156712527953
1704.8656277220034
2810.723741027703
956.2449976733633
1081.3965765030496
1171.763528178422
1468.5325518373409
3688.6516274497885
1522.1661394200785
4187.0
4187.0
1806.533731244116
3220.0
3652.8390080875356
1367.10822846109
2883.0395302119573
3054.7691982678207
3344.4756761117037
3512.6078611898147
1979.0
2924.0
2924.0
1042.4940756715112
1226.0448040733195
2031.6707163742567
3663.835246429491
2816.0
2816.0
2816.0
1763.764427500077
3945.305856370091
2895.7312882415777
845.9771881253199
722.0
1660.0
1792.2966949834197
2446.0
426.5295409908886
2629.0452608226424
667.7490824009141
5711.07993376961
2099.560927604443
1911.6519798697282
3445.22348558434
1339.0757455419375
2542.5458877291944
8702.072682890821
778.0
5076.0
2492.0178876881314
336.0
2597.696269985966
1450.0236363454183
3521.0
3089.602522052504
5076.0
5076.0
1074.0
4000.17562340289
455.0
578.0270958948444
3600.729414848954
530.9681579637308
1475.4733901640009
696.3794617273338
3196.2683943069105
5906.0
1411.5170064893766
4041.8739655163713
5906.0
4778.886525561473
2453.0
2453.0
4212.921724541778
7068.655914784893
9018.393666951126
10635.7840622385
4772.0
2296.0
4477.180085675907
4798.2943245484075
2093.998459892664
4265.0094853739965
7727.252238277599
14343.53499964844
1127.2890385082665
1118.0602308675534
1196.7993185166526
12803.528804797264
20229.0
14863.491414658289
1415.2452804777022
7624.0
7624.0
422.0
1608.734239538438
1672.2459485000602
20229.0
1800.4576040379334
758.374738107174
13926.632354398482
17488.768409985525
19689.839662428625
1640.7085764790525
10093.105820558352
5776.038668665698
4297.803802963071
4245.746917174101
3292.6063853961036
3432.8044864134154
2317.30088428809
2026.469982537787
3394.24182257312
921.0
16855.524115850316
18546.0
18967.0
10840.909935291915
759.4318584694122
10356.152044207562
14396.795190236955
9141.414761892598
5416.0
6345.0
3538.956811440934
293.78452912264106
5534.796265313978
263.658646032657
5665.394733498314
239.65711753426876
3990.2580663497856
217.0
11294.0
5307.959039852535
6345.0
5414.582165451027
2942.355821092994
6345.0
11083.964049602371
6345.0
735.2912252079054
14512.839438740168
2576.3298989865575
17129.647080884428
6078.5598192568405
14785.0
18356.01932391047
16932.56911253096
14785.0
15862.357268455598
14785.0
1799.5628826485229
11928.938689750614
2177.0
4279.0
6589.167009611809
4248.0
5290.829225764036
4248.0
7954.938123391915
4279.0
4447.4166800022385
7127.997077374695
4248.0
3661.0
3665.3275586317086
9355.902533208015
4460.0
3487.0
4460.0
4460.0
2593.0
4460.0
3487.0
16423.47328932759
3487.0
4460.0
6070.982568676095
14785.0
8361.0
2593.0
5643.8418536116205
5191.807631190102
11527.504986772035
1861.4580777361366
3548.185866268368
3403.0748768476574
3793.0
3793.0
4279.0
12295.964202751707
12230.648782843651
15039.885143827849
15577.0
2009.9827844192423
3831.9574441266936
2693.1453359507414
1614.0
7568.115620870771
6371.713651657228
1372.643507085495
1831.0
3656.2223307785134
3096.0
3096.0
13566.097287424407
4082.561686222144
6855.0
3554.6493626699553
2462.0
4944.694966937871
5901.275307229236
5330.629779574191
7692.349206951978
11332.017204564216
6115.085458225489
5509.0
5718.585425815812
5745.09096341464
14856.132521687581
3555.0737838471855
2374.980521147847
11874.283496705044
6855.0
181.72344908551403
3219.0
12203.171246160095
264.101227900857
3096.0
8585.0
7413.932814206211
2733.7264255770915
10836.11482530061
3536.5881766525326
14933.0
6157.437456670163
6855.0
5937.50401035124
3096.0
14527.861833670413
8530.506342795321
11417.50656161954
2850.6344623056893
8105.593040830177
5711.781885234812
244.0
12905.147627452847
14933.0
6560.016597967048
8025.0
8025.0
3164.0
2278.0239804117473
1617.456584919944
3096.0
1721.0
3096.0
3096.0
2488.880112075828
2726.626748014309
3096.0
5381.133222181598
8025.0
2667.8661043857064
8188.430249817644
8812.596642394423
1811.1711747305974
199.0
199.0
13284.190308121679
6293.602255685959
15007.140740492923
9803.80773264512
5691.0670248786755
5775.9840150316995
6738.408130987719
6021.198549522415
6386.2106166965405
5253.278561963506
3169.219157133035
10716.65345214676
1626.9162514907716
1402.2879925580128
20292.0
1493.320036407377
1661.0
274.9521107860169
2311.636500846501
217.11310290353663
275.0
1705.3724743142234
1692.114415473402
1370.787686964343
1679.2796864744305
3469.223945160177
5975.0
13686.300277063545
512.2094558894296
238.16892197180755
6976.579879713556
14834.054252121296
18595.823284197068
9387.001801894265
1954.3097441498041
20565.0
6269.6810503242705
5975.0
8756.925249304863
10845.0
5676.713273850016
10456.861145663093
4259.0
10845.0
1690.2324581632138
1609.051458861552
1493.9314491536297
10845.0
275.0
14229.533033279155
5527.7562522562275
662.8588950594844
20565.0
12475.770532882721
1459.9728637992714
1356.4705683511454
8283.88027729518
6543.814558989072
1444.0
5913.2272812880865
6404.7053674406
9012.99220934155
7790.186784444002
7091.1560366012645
7345.0
11679.247842706774
5077.268767165013
5596.576973913595
123.06146759901839
5441.0
6595.0
3661.8115760802784
6010.0
6815.353135177573
2326.703525814967
5441.0
2571.0
4945.295316628771
5966.306420672934
7207.0
5479.342153810385
1979.0
7207.0
7207.0
1880.2188281691385
4824.298714944591
1563.824647494805
1979.0
2374.867311440642
1568.2894075321528
1792.7157565726043
1444.0
4632.661586722847
252.36942379442974
3801.0
871.507316845478
218.23127272301622
156.36957831757354
6595.0
7207.0
317.0
1269.7662286215716
7207.0
394.0
3413.800994871302
231.64542521943835
3524.860807143215
1134.1774118037338
191.2101253470411
5464.109918927365
6419.208938663521
4564.243789809876
1378.9910689230032
204.5346119783544
2604.0538987855757
6764.0
169.2252334000473
128.19174719161867
1957.545234758833
2688.051017373057
1506.0
142.2584958268409
2010.4065423955135
6716.794800731736
2011.35511072698
1506.0
7650.0802880892315
1849.0
1748.101407544289
1600.5104495078222
6764.0
554.0959140277284
4589.833393806134
1427.8055126709
3174.791826958682
2183.0
7527.56091700718
21.0
6028.033943559056
1849.0
356.735757385612
586.0
417.2344105407498
586.0
47.24929704272873
45.0
550.791398349145
1644.8605711442706
1506.0
6935.559886208027
1640.9573378005985
3989.542005534464
7707.859936879033
2802.2645601967706
1506.0
3602.939868097242
3840.1909685092915
37.516841812254114
886.0
4801.0
11648.54847498716
4801.0
4496.041226014531
1775.0131299459517
1730.0
1837.3420417832297
4563.955083902527
12098.78884162278
1707.4601792373421
1869.0
1744.0
2209.571392222042
971.4434917024112
1689.0
1689.0
1730.0
1764.1492102154102
1628.7472453642645
818.9259855333601
1823.5611829628829
1307.5642783468409
2181.0
1078.0
1730.0
1089.895810304708
1450.0078573347714
1730.0
3860.347470372796
19.0
4801.0
1308.9759402319205
720.9237841823684
1193.0
1704.0
713.0
1193.0
1704.0
1796.8398018822088
2181.0
1627.271696435364
1370.0
1319.6294455697991
6832.944793743343
1807.1211235854676
2471.5287707789853
4983.389486152764
1450.1825513215347
4210.706461049349
1119.6295431231479
556.0
664.4400560083033
661.0426377223847
1370.0
3285.0
509.022444499642
556.0
1534.7312977998993
1444.3255768546894
556.0
397.3270619476757
2929.8044179899457
2030.3084788422148
2920.3514065763407
1682.8962705619786
70.0
2359.060909235466
556.0
500.50331220411306
407.7469960331795
3941.860778340759
5043.0
1370.0
1572.0
3962.2690027820195
5043.0
559.0
1842.976237285509
4380.299269891101
559.0
1249.970882628032
993.7236975972498
555.4821470236755
3235.855709202439
504.1202676514563
2126.766888388046
2361.6086145757185
2969.4740859638314
394.5392003285303
1486.8173451954433
2501.060730919562
231.0
728.3723144029068
1315.571380236257
805.0198003108027
1365.0
397.81893147500034
3092.0
3092.0
1273.2508604057318
231.0
1365.0
3496.6780174046994
357.5754473194735
518.3184733941507
2629.9882115198543
2666.1247312920686
570.0
1365.0
1023.9131345227408
3092.0
1360.2223088633637
570.0
570.0
1258.0
1844.5366664914404
1691.0370372240695
2963.357801553066
716.4298519258477
2068.8143180064844
787.1325196036315
2973.508961629368
376.70003309394906
2635.934802437977
139.6790895008055
120.88617705379085
564.89454784445
8.0
1775.292904914093
414.2914057412968
488.8977597268937
788.2999228820804
8.733841646299847
768.0
580.0
870.4175045189918
768.0
915.4246239359109
3594.3020836452342
1181.3929119282989
804.3053306084641
896.0025416121749
907.0
28.389458314558997
23.858835122606358
9.924519290529995
560.6553152962451
768.0
2636.4906975518866
895.5834744977817
768.0
1127.824991834943
1106.5800767907426
1294.0
1040.8621581256998
1247.9934378017833
1676.2840597789293
768.0
2307.0
1294.0
2307.0
2307.0
1070.561946275802
901.0
768.0
768.0
998.5312437406168
1267.6154899109
9.992073674359693
531.6602883641857
3858.9644736637247
866.526026555144
864.6454812625741
619.1351288119538
3389.632747794294
977.7725442754405
798.4976636636302
1269.9042654995437
754.0456373737507
1132.386256164557
11.437127422701368
653.0
653.0
1424.569994222737
379.4170011285702
641.5604222547486
817.2851689835485
734.2025976433276
446.7639418091102
1624.0
728.4909382279476
1976.7548471636978
508.0
822.0
822.0
652.872741020794
921.4291103304956
822.0
653.0
361.47727601715485
822.0
920.1787929027373
560.3761758262237
585.0
1145.0
1145.0
653.0647290883962
1145.0
1145.0
822.0
2191.0
822.0
822.0
350.95946995431956
585.5335768617708
542.2709410321628
503.5218699655137
329.35521628452284
593.7038508465491
2079.435291534057
320.792586079854
409.3655436336261
316.0
7.875380650137352
12.260442599328337
563.6213349958102
511.132945820175
316.0
312.0
316.0
314.0718847701932
312.0
312.0
312.0
312.0
1603.0997597972696
374.0
171.17655556231523
336.93003848639705
7817.0
315.4041745755586
2334.7901633043803
312.0
313.59781849051535
336.89959918424006
323.439629421837
615.6882576043585
585.2576522171034
349.29017787578255
535.3487890778489
373.0126590998666
382.0
454.92251771778854
382.0
266.6178876718702
522.717511296253
417.65314993274967
461.0
422.60653412336274
461.0
5393.67331745425
510.77061322283015
524.0
461.0
524.0
5158.0
493.2458387426912
416.6265682048599
1915.0
2349.409578756945
3715.0
315.00119067295697
2552.195581042574
2616.544322476788
2075.0
380.401676188893
1239.0
1737.5241068290482
1239.0
1446.8622223473774
1982.3745544061087
1239.0
1999.401599863384
3685.836306656709
1926.0
1692.0
1692.0
1692.0
1271.0
3778.0
1863.3440852625458
3778.0
1303.4341252727413
3778.0
2902.497854788635
2605.1009639556673
1667.499293869762
1649.9662472177288
1123.7167300571803
1394.04888999288
1390.0
2750.877290786834
782.5760894786504
296.51038065298883
1317.1805204286995
99.0
651.2486469216544
645.0
645.0
1224.9695051128076
745.0
745.0
800.0
1030.5050609326959
981.3600552614324
563.0
1069.1007647634337
721.0
1809.3971029870775
811.2024892592019
721.0
721.0
836.0
1258.7335458111213
142.62825855762608
1632.0
856.6911230782496
1277.0
572.0
836.273762973538
678.8772890883029
746.6491235552995
802.2994029048547
651.0
1084.0
1086.0
1005.0
838.0900593657187
1005.0
651.0
167.0
838.5965973192497
986.5617560099234
128.0
820.0759689080379
997.0
253.41852564681727
134.0
1606.0
1566.0475850818991
1325.238113553625
156.48872466601054
1093.0518912496518
1209.0
1209.0
827.0
876.5292048375178
109.0
809.0
839.2476546789895
1285.5391873254348
809.0
1054.1141075749545
1445.0
809.0
809.0
1180.2848553481188
809.0
809.0
1245.1523012347068
950.8385523782613
943.0
537.0903240183966
109.85236130188393
645.0
63.773051327946675
59.30633578524329
672.4826344385676
1020.8409157281505
797.0
1170.0
797.0
1046.0
994.382018533551
1225.0
1225.0
943.0
1103.8563800818713
1067.9170739464555
943.0
85.0
4496.0
649.0
96.7495889990499
1111.3059696991147
54.19885618977166
449.04713995627077
39.57483143091528
441.81177778474756
78.0
374.4778087718779
78.71996476834163
53.85812238115694
126.36136793032439
747.069328212285
459.0
249.0
296.7526300795789
249.0
156.0886497258154
2793.3926516214956
698.5385939917048
1022.4076102987946
1543.3709727143155
2102.0
1789.650712476604
2219.5042180318155
385.26516379653486
139.0
99.23007415087075
2455.7745376623525
2708.0
2708.0
3245.513367811392
10526.0
10526.0
1922.876608855453
1481.0
1818.125165207527
853.0
1019.7367436490076
853.0
2579.4569755823113
1384.4263917699052
500.0
500.0
500.0
853.0
799.8765190089073
74.0
799.0
1521.0
1032.103993692728
799.0
913.9195171162729
1521.0
624.1187502562923
799.0
1381.2897653204213
1182.8250407768005
765.132511080303
2090.745159581672
867.0
219.35012662521518
243.0
243.0
243.0
324.0
5489.848473847001
5866.0
5866.0
324.0
2091.107667692475
1589.4853224710807
3164.9613824200187
1223.3979184037166
604.0
1811.0
4913.990573860607
1811.0
429.3818714226386
366.133163439191
2325.045835117564
2306.0
327.0
2619.245609341174
408.8410433808906
327.0
353.7654432658535
3671.8578214439676
1256.1704397286644
536.0594086813899
327.0
3676.0
3676.0
352.0
7226.366103950822
2221.1134909803054
2210.0731938480285
866.3007004296611
570.4725625377165
2019.1710713908524
2107.666580746712
2661.0
1344.649112740898
881.0
2389.193534063215
3692.0
881.0
880.7800085934799
2661.0
5644.512417798711
5436.84166555001
11557.0
557.3687757707754
408.0
3692.0
408.0
408.0
653.0
646.0564890705291
408.0
779.4207437851808
1154.0
853.3333919491587
653.0
1154.0
653.0
2373.8179502070393
7547.698057699027
813.6234174678677
5030.099992940901
6292.567552871237
7859.892308037772
601.6061383958331
575.7996589462939
8707.0
6326.217646094313
1234.6189302215816
7560.926736967633
920.6675155787807
873.979598387545
6837.1877302800585
900.0424042594207
1333.3976391371832
1790.3056069851327
8853.396758801457
1046.5661455986608
1446.0
1896.0
4725.452234255928
1822.0985074372452
2155.0
1896.0
1850.0356424487982
7368.2812396805575
7213.0
8161.911286439437
1103.7978830396382
1372.0
589.1381362885761
10232.536556011804
17889.0
4793.0
6443.75952798322
7475.763247156163
7118.183504248709
7616.0
13528.0
12291.918701140015
8720.22520933384
8676.786259333661
3506.997262090559
14892.600069984215
4793.0
900.385136897234
8284.0
706.0
894.0
959.0
807.932832370305
959.0
959.0
1012.1530359468775
8905.47113306816
1536.5937936888342
344.0
16423.794832644577
344.0
1507.4569489676373
648.7531623460087
445.0
445.0
593.4013992818864
445.0
172.06701599864908
8680.34961154704
7179.0
2588.2493668879256
3173.0
1199.5714032078104
6274.455937184524
7179.0
7313.489907606189
1491.0773338431381
6735.107579072407
1324.0
7179.0
8755.895698286333
316.0
13949.607769265538
2290.0
13005.06197623208
22263.0
2290.0
20789.0
20789.0
5128.8454704569085
4926.637856176429
7862.33813362922
18547.278908206797
2290.0
4672.941018946505
5031.435421753966
3303.2118300097045
4010.0
4010.0
4010.0
1890.0
6882.294472289067
7179.0
13742.695736800135
7190.915138904817
4143.122612656298
7436.877148989966
9448.30490048976
1349.805400234236
9394.116086556929
8579.0
11918.251408794531
11757.0
17743.186081415275
1519.0
3325.463870067557
2907.0
1594.6248029040134
1519.0
1424.9729894084967
4871.0
676.0
4108.303501605344
3904.4052438651815
3870.219111785867
4108.248153409551
2907.0
10728.296113905632
1618.6491217423713
2907.0
2907.0
1836.5499224276064
4843.620298032217
3624.958326307934
4765.059003117445
3308.2421022833414
3562.8782532005216
4768.262444884801
9205.518904926112
7937.0
3683.4637335770226
4142.368786133429
3424.2796636787193
10890.097329629734
5928.000590146266
10593.06947995363
7937.0
616.3872225431523
4496.0
9305.382829200335
3214.325237658717
1337.5342180811754
12679.0
5813.0152843263395
7467.071991703407
1187.0
8532.851020578255
5289.0
12679.0
1187.0
9336.263393640971
11389.79491434725
3429.9860948897285
3311.6688123986655
3398.0135726378894
3216.4778372519086
5246.037852062336
7713.764573833533
2059.0
2198.4735135255632
7305.136834098997
2448.2387851579897
7350.017909827455
1481.8043843195394
7693.957509943772
7902.458554011846
7837.81145485883
3413.89295055659
2611.3343271894396
3809.435938094258
3283.2208965329273
7742.0
3178.968506957163
5072.917428097649
3073.423056482554
3438.82949438482
2206.4271479394088
5113.258472010528
2875.0
5415.772957492596
2262.0
2770.0
9915.900725119547
11531.17580008274
1390.0
2262.0
1390.0
1052.750013941015
1292.39663041598
1390.0
1895.0132503466896
2875.0
2875.0
3326.106673239059
4965.815018576379
5507.0
13529.805410961118
998.6438080397236
4573.153765311907
1146.271617485976
5295.981559019815
1637.0590219136761
1076.1782758285449
4345.0
2382.9055603715888
2276.0443391390527
5480.0
4257.085164591881
2605.096720785462
4627.541152122085
2019.1637413937478
1120.0
5084.0
6997.199900498429
433.39082213045737
372.0
13639.0
475.05031772720474
6235.234065419211
5372.961635160837
1803.0
12142.0
12142.0
3873.2870643579845
5330.0
670.4849813602092
5008.010574455313
4242.1771585520155
5330.0
1122.0
1145.316967343939
5037.0
5884.509770233728
10185.50651008672
934.0
3145.454331839822
8143.451638592644
13355.0
934.0
934.0
3975.0
3963.8989650104386
6164.239213957651
619.0240995819819
1575.4421654472685
999.4886713549934
990.0
990.0
990.0
4473.10484550778
2185.0
1039.3015117391192
990.0
990.0
990.0
3296.2007645444196
6716.9042035717175
990.0
1940.9156892038209
518.0
8253.436081415983
5661.0
599.6785949894391
8660.119686788743
4379.0
1543.7352236134645
3838.42699321702
3720.3476776390553
345.0
1516.0
345.0
2999.6808035720737
2096.8096755387246
4379.0
4379.0
1724.1170367055508
2633.3447131798043
1624.9485013625786
4333.0
2180.0706392257107
7833.42582390954
6879.92253161882
1324.986761698641
2830.184266704416
451.93545914715827
3214.393352474075
730.0
2390.605702058056
6841.0
1601.5455371159655
2162.7744733747695
2078.0
1943.0
3337.0
3145.930497560781
3337.0
2850.196827078515
3337.0
893.0
3337.0
2142.646767980978
2143.4498765125
1920.0
1363.0
3061.222123225326
5420.541925436979
696.0
1876.0
7809.0
1634.285081498229
2214.0
2084.9405529312603
2883.0090935403264
1012.5154024937301
2214.0
1388.8625057769923
2214.0
4751.497725694431
1363.0
1645.4528468735948
1370.571382091722
5023.166702527008
7529.195562242559
1908.1864762486048
3942.2672276181397
1621.0
1211.8435708307684
2012.8720488117638
6573.228320045371
1681.6636267849985
6235.209521339764
1656.038478447184
1559.6911497739525
3461.701793481039
3865.0
7817.521568204035
1808.2957732698587
3693.881131826125
3865.0
1941.303053901808
6590.0
5777.0
11758.0
1044.0
718.0
1060.223570365229
1968.0
1968.0
771.2415112194714
1968.0
10155.0
718.0
1082.902817192069
2458.0
1759.9679775248028
1779.9117492070166
910.1913841016325
3564.1326557126295
2941.0470232793614
993.9371769920218
1014.0857816721784
4212.0
4208.405081483511
4212.0
612.2032280629743
4824.124622316916
11525.449211260177
13436.0
13436.0
10933.420718166462
8102.702117369519
914.4557150071657
1653.1937605758358
643.0
3072.0
3072.0
662.7887148633047
1771.0
3665.509693760207
1517.602250460857
2106.3168767143184
1544.6597126411361
2211.0
3800.67590863188
1716.0696144671492
1617.9480330488245
939.0
2548.9995631065185
12806.82080438123
6505.999289313796
1658.308578853103
1822.0
1127.831131549878
1852.0457066267031
14796.739874554109
1559.0
1473.0
1127.5859508473761
6306.165171228546
1401.2577798559973
2141.718283632914
13082.696100429604
443.0
1891.239279686148
1559.0
15093.0
13775.420353505291
16723.017060306043
2332.8841646657743
17645.391539261345
20023.0
1949.0
16959.714434774185
20023.0
635.0
15093.0
11664.521842114335
5187.0
865.5334744211075
15093.0
1511.0
10134.888718742377
19805.34325166698
1801.2989862249665
1979.163570537674
14560.40933894073
1156.1422992172518
15093.0
2640.0
19974.396925109893
7799.971910800205
7448.0
1209.0
10384.62649080138
6930.044770387543
11604.787635107665
5973.471982751
5947.0
1895.6111560558138
1797.0327849427576
5947.0
1535.3036561097103
4079.7387207644724
1635.0
1133.5756096444402
1635.0
945.4237311397213
1635.0
1635.0
6846.080970552632
2832.7163193155443
7331.102451791692
1573.9681730349441
1571.7182693610152
4887.654812398591
8959.571315119105
1505.0789443957701
860.5781693413994
994.5757820404418
738.0
1902.559982891026
937.037439059687
4213.0
6226.99310298884
4213.0
4213.0
1236.2163274486284
816.0
1194.0
816.0
1468.7887433178912
5539.437617160615
1372.500335794907
1606.888237685357
3453.469963597453
4310.0
1102.0
912.9400219563953
601.9882730926304
6627.467545947886
360.86996834539025
3247.6173412577423
579.0769979234897
5240.853379479863
5633.460521305415
587.6596313401798
8782.700650946867
11941.0
2761.0
10342.760924367605
719.7804210338231
1480.7827744110525
762.3798725187196
1629.2228209221305
2761.0
2761.0
2761.0
2552.0
2213.0869071208435
2973.471569714997
7365.392314794084
10276.0
5579.0
3371.3927419956135
1015.9723841527867
824.8623029390837
3343.0
7507.9012020922255
6414.002178121139
3343.0
439.00412523202874
567.0
3140.4061442632324
2755.1494119863582
218.0
5579.0
433.056960107557
939.8077781147352
6551.614385122258
4137.0
4137.0
2005.0442456533442
1989.2107902767439
1771.7715045294617
1782.0
2113.631905071671
1942.0
1782.0
2472.493745249084
1782.0
1441.955747967094
1904.5514330824524
1894.3456364452259
1884.0111438361198
4137.0
2123.0373881168553
3776.061086297176
4137.0
1942.0
720.878147876362
4137.0
1484.7779853567906
2039.8659373243513
1782.0
522.5657958085997
1872.2855716111299
4296.22608807044
1942.0
1745.4869143453489
6598.312661002585
3515.0
11143.219893913047
1363.1765187221436
999.3321494985346
9600.0
1348.1472973713705
10458.264242338428
717.0
12507.0
1518.6309837713184
1026.0
1059.1066341395715
1258.0
5624.533465378785
679.0749827605962
554.2042138669088
807.3213692205884
587.0
6620.5492330054885
614.3660555227684
412.1758823970414
880.495015194071
227.0
1067.0528798217367
730.710921834971
453.0759886134378
4891.230353855713
2053.5634087906233
4257.0
4943.152230374478
327.24017973791894
1899.6168147921405
368.0
1505.0827218194822
945.4560182122983
3292.954151658606
1371.8837690990858
464.2526408487527
