gridcode_adj_percentage_product
45759.0
45122.274161540605
46427.693777634486
20419.0
26770.51128563498
28228.0
36694.3856007073
25805.790616784892
37262.79966814992
16351.193239587596
14645.0
31736.04441990078
31191.0
30774.14000853476
31191.0
34357.25810318954
34731.82389085664
31282.285159739367
28394.888759105994
32751.705850008446
50322.0
15929.0
15929.0
15929.0
20718.0
23852.86771532795
54266.584426350164
63866.0
54377.899243650536
50693.558959005546
18858.72481820542
8099.0
8099.0
9867.507408690488
8757.19499935711
60046.0
44504.5999445063
50345.05646815946
45613.01741904233
57890.743906800475
26794.227119727766
24905.0
64050.709733406846
77280.0
77280.0
77280.0
77280.0
77280.0
9098.769643093
35539.776000112164
22875.02436922539
24905.0
15671.962949291039
19802.86164525233
5272.548121730547
24905.0
2874.0
2874.0
26830.920519913085
13725.212246386629
24905.0
14567.0
10365.202987424298
14567.0
14567.0
14567.0
14567.0
32976.7013527503
3520.1084457727793
59999.937647454004
30122.78562599629
3613.0
3613.0
20517.549318082
9245.302908566884
19281.0
23504.61629261393
35475.35768788213
23048.763471546124
43166.069893593034
54569.0
22338.896797667192
29954.607809683344
14089.797412552496
19130.497509747114
32211.07451582216
5982.0
22893.24347759562
33019.617188831195
17215.47611510513
27185.90038947943
17400.0
8981.919196294168
17400.0
17400.0
17400.0
17400.0
15680.672191825986
17400.0
17400.0
7391.293723271024
10361.0
16134.0
16044.03360150168
10166.008451596053
9171.182547497261
7926.234873278668
10173.0
6168.395307019897
22142.68047823992
16057.244354693057
14533.489900912478
22717.0
6628.002405918428
11341.350882846324
13674.00018016381
6351.5086059186715
7746.320484792836
18671.773514304332
7957.893107204471
7603.877839973324
12440.135900289952
9475.635466530666
34300.29426251407
44011.0
18225.03753543212
7541.319607913221
5544.885061494392
33605.64768138592
27668.0
6117.575910044224
27668.0
24173.26735267567
38361.09664561792
7637.561123147568
11617.0
11805.100541304793
29273.57763745309
16603.53061682926
2344.0
8954.714973657832
13368.149766261744
14176.30891705753
3505.859103256591
9708.107387955442
5876.991250975396
13388.02712506892
5595.0
2380.8674354864274
1801.4771607281505
3545.0
4024.867883457293
2718.00815412556
1593.0
1594.081700923642
1254.727220099877
9775.0
9775.0
3127.169058592972
1517.926692123608
1876.8735122315336
1902.7069547798803
1821.0
5171.704999186566
1671.0022828595481
1813.4235489919558
1520.9664358117493
1506.5950979558334
3224.9118683320144
1612.0032104773804
8225.091851437479
1459.2128674026799
4168.18506296884
2594.1721687773015
1700.9087595733233
3102.6596753241543
4637.154178832735
9749.0
3328.892232561604
2503.768153319247
2758.3353740286193
5034.564511670335
3712.1421906647024
2576.1784777160437
6928.0
212.0
1227.2695386134565
3408.2585654157383
6195.269764565327
1211.0
1118.9638253547546
965.0
1326.6095587007012
1359.0
1359.0
658.8156278917115
2229.0
0.0
244.2088471265164
45.0
125.0
179.0
125.0
125.0
125.0
136.0
136.0
160.22551497818728
153.0
153.0
441.74953103953794
241.19300558142626
83.70398725841864
214.0
342.9042255501177
73.57428410649867
584.8542010228989
280.7410535627265
319.0
1266.5775394344528
426.0
821.7068718362752
471.04491616364135
951.5209275450925
1484.0
487.9015475870674
1125.0
763.6875087836161
619.2499205757592
999.2764120428603
683.5076470316242
427.0
1821.6513418363038
829.4075080552856
1600.3447107240422
441.307152528983
1366.0
1366.0
8636.0
1715.3675943526232
962.4952396830147
1041.5306234909692
1094.7631177265118
1384.5243660382876
1041.4865359466426
1225.6638943388798
536.3994574106955
903.0925000718187
2198.405378254449
202.3537923347564
843.8807842785175
520.9214082207633
1567.7349190380728
833.3763655436437
801.1240384856543
1582.137539927587
1064.0977606997894
771.0
771.0
1044.5084213562347
1093.894205990665
3067.0
3067.0
928.9403499140167
1756.446907480348
2853.2817129208524
5060.0
5060.0
172.64089444878329
1636.0
5060.0
3081.0
6492.0
944.2198911438747
3877.9491812385095
5181.457125037068
6766.246445041857
2061.4503475970732
9578.06072345897
699.5252669458254
5750.536163417097
1039.5369032801846
2382.8984226697316
939.3844861551812
3189.8941481732686
494.3652858695838
1563.5591777075103
746.6843785669134
449.7075982421443
536.3020214054577
512.4044992979586
1464.8285265406705
1.8696575377406424
554.1059686859678
169.20041149830308
607.3991917930912
216.38374485009453
156.5595569435976
484.4836162414453
485.2810478210808
424.00685283775596
1792.0
6675.0
4307.107456411556
1644.3123956612496
2794.155252909109
1620.8590595776868
622.0
2095.0
2042.7383396289038
2095.0
2095.0
1854.3667979431098
516.5963184368934
1313.922114566454
1068.0
744.4724061843435
1296.9339274763292
1000.0
1289.0
1120.8991571129784
2095.0
736.0
709.8565425643704
1400.2152954399003
855.9102216238257
941.0
1463.4471603636593
660.4000903540241
1053.1266843033284
1154.8998783007817
816.9565889856938
480.8618664358047
1201.0
2951.9088205625876
1882.0
1672.6808900662538
2201.2365795323003
1709.9543773924283
2615.916223268521
828.2778505055575
2984.0
37598.45886105832
1231.1974531642377
2984.0
1754.0
6974.250473563293
3482.0
16487.338445338755
3261.3070856899267
3482.0
3482.0
3232.041213824759
3482.0
2846.0
4221.0
12273.584415528348
3482.0
2156.461628859297
3482.0
8232.302633314115
35226.13559003755
13151.738154001336
3053.733465848439
2315.7642641096163
4979.0
4979.0
6029.834136313193
1052.0
4039.812085636977
1759.1201903572953
976.1362307792848
24647.0
3016.713110865815
3538.4637709088147
41306.72547111964
3263.996409801045
4693.733776914124
3835.9937575817316
24296.862089165803
1486.0
1486.0
3770.807382182449
1486.0
1486.0
8469.106793422487
688.0
4479.20802842551
4615.085307554865
952.7515762764401
21932.446556851966
5955.0
5955.0
31242.326149615976
2488.25030085117
1515.0
1324.2330996104158
1585.8535751811282
2116.802098059699
1207.2083546246197
1299.709476961035
8282.089690512159
1203.554770569293
507.0
2727.0
524.0
2254.0
3572.6941632110656
1133.522670920347
1160.0
10407.101207868329
11526.660198638403
2906.72386975036
2386.717873524393
2599.733664205227
2208.6796232509223
1670.0915881058752
1998.1227406249357
817.6892452665627
871.7569351765243
4889.832122041698
3412.230948855332
1564.656781637023
1291.0
1291.0
1703.4037968293535
1079.0
7115.0
2211.0
2211.0
894.6125993842211
1809.0
3246.0
1516.3092496431982
1478.5025705930834
3319.7729564736173
2388.1266887668767
1260.0
1674.83044507199
3709.0
1284.9769158656
1123.3308872227012
2191.119665644324
1248.336873297024
2413.7731382249526
4841.479179783294
5372.326454213593
4616.198137029801
5596.0
6701.43012113484
12675.736020948028
4224.0
5250.26358426959
5760.79839923765
3912.8487213339276
6522.0
4224.005219833482
4391.0
18188.391398330394
4391.0
11596.49403440352
10584.443376634119
7717.476806549926
38374.75944788243
36798.93541094374
8241.733431291372
30517.0
25290.233988855412
9476.0
7539.1753526478005
11868.625916437712
6412.07428581559
8083.609588350054
9172.111990655223
9654.550646076443
6051.4769511432305
38635.49714029365
6502.295959011074
43062.9181960486
39085.96651710443
7353.157555636584
43368.0
43253.5744357613
8094.701893357645
43368.0
43368.0
43368.0
43368.0
13816.066629294892
12093.397504923074
40606.61935876425
39925.46290394064
38681.76292580082
37576.91587903444
39597.33134133631
37798.73441689366
32079.560405886474
36239.25302846671
5662.49177327156
19368.0
22620.621949353597
22844.668749507942
6374.0
6374.0
9254.082289392754
6926.764028828142
6040.468260009342
23284.164115062074
24157.18218629874
26079.0
7635.69652913439
5365.903345289768
4347.313177546701
25420.656389210722
4518.455957294227
7178.18517907804
23702.403268950435
6009.305871945307
6444.0
5711.278764560158
6923.0
11679.446962580074
6861.369357929026
11143.878987566954
18253.33476943069
4030.8546961941083
4403.620010367289
9394.94261792575
2069.0
8908.883847966907
2728.0
2728.0
3454.884657914022
5460.821446643569
4689.430302004824
9538.35774467299
3338.1882963970247
4197.0
3904.4503402072523
4322.955833874994
1892.4100952239542
2008.9339094537513
687.0
4131.976325165754
7714.0
687.0
4191.48126444284
2722.913911497647
2002.0
2002.0
3549.9724170346735
3039.702433658317
1573.472606068071
2737.93039459146
1948.0
6158.872824684646
4571.908597662346
2295.043905878687
4078.0
2136.98943300539
2450.405858590381
2542.558208071406
2637.218841157048
4186.823447118517
4202.866299229064
6445.0
5222.746687331327
2349.923375434974
6331.680620698466
5597.427691548833
2443.9883176514277
6721.955978003232
8513.0
8513.0
13682.85976327017
13897.0
1537.2749694631996
13897.0
5355.293248742506
521.0092410575174
12248.506246988254
6498.779547166641
9308.93126221876
3261.660583256269
10471.251881349375
4419.335880925006
14572.820180347111
13609.068338111108
8820.095005246105
7820.668140858886
1243.0
5125.361530868199
12068.710392892035
12809.203947593409
3115.9383495199227
1831.1175188137595
1020.4426590102862
8027.890075921728
11716.74905027101
9608.196973918155
1609.7187862378883
2166.3901817191195
1926.0
6850.91189083921
2489.5526011406446
4307.433407465769
3800.111868601436
912.0
1293.209029350418
2383.0280443157617
1422.0
1002.5477726237461
1020.2421678974397
1682.4424951993212
2711.969189472486
3536.3901255897817
1596.4203984589453
6898.393840948489
6258.082654922767
1833.0642058320605
5463.056573140679
11696.0
4930.050702076915
3417.5549573849494
1810.2692836388485
2921.4622352398405
1.0
0.38301680399876487
1.669879040865891
1.8886810812103516
5.0
1.0
16.203149943232976
145.8328875026927
13.07595200501482
17.937377330528786
70.0
5373.799211939618
12430.0
12430.0
12430.0
12430.0
4905.012228605516
8982.738130635546
2747.900792790458
2250.1804369864703
1336.0
1685.7415185558605
607.0
607.0
1251.4993746231726
3619.683465076678
2803.5401306184435
2184.9178317732685
1336.2939841958469
2472.741401936361
866.8537808225307
463.99684580093253
1362.3659572753322
319.0
1118.345028526076
661.0053202105438
359.62137359135033
331.6025874001852
1303.2666638829455
961.0
4655.779150658294
2953.7792885716826
3024.0
793.0
1242.079565692292
2106.1458255923562
1986.3632762578222
7367.571040887236
724.0535445066289
2546.0
1286.9728458267502
827.8171281595314
2546.0
9972.066454188962
3266.0
1830.476917705573
11150.0
6398.944412870569
2579.8362870189903
3279.0
3279.0
677.0
3080.1330967045615
2324.3374414084565
1113.6359510236364
11150.0
2507.5959076066206
13146.448247991399
1916.7522306891346
7712.0
10254.520046915426
9722.483793054944
6218.622603326355
1246.3756202619197
1764.7733584956009
684.4644662951148
1457.0
2200.1061747128974
1296.3635331825678
2106.6311531793785
833.9935603264231
1384.2621111833828
756.920999452928
1260.0
3709.0
1775.3464507016263
4809.700354275786
3529.501113278059
1216.8829268203708
10035.046593685836
10825.85470820107
9822.439515637554
4073.0
14159.0
755.0
2559.3310244746185
4073.0
17222.848684597106
1659.3694353644812
6838.886347483329
16134.327267119286
5430.709551354058
2586.1913071799613
14828.012308475396
3710.4389904845416
6952.0
4106.188929179959
2670.695648415224
6952.0
3924.450352015658
4296.152618921758
9269.9686862934
5721.141194535327
4248.0
5720.0
3418.6696259209266
4934.619729083468
8754.757595708012
4395.427628504867
3734.816405436218
1209.6203143029697
2264.702120505286
2336.0021513066563
4896.209320496564
3969.469001729513
8774.135450429134
2671.0
7723.57203498289
4141.106154663121
4651.12839882146
5070.0
4079.8103051005223
5222.315568633548
3740.993559698605
4138.5566692620405
6665.700864657404
2309.5316709455014
4260.415178559083
7733.671199066259
7358.0
7358.0
10666.0
9247.833590084698
6527.091541282661
9746.622971782735
4388.941015962793
2851.064569812327
2615.000790128374
9654.068358327639
3224.7799818151243
3273.3084977138897
3336.0
3269.9398741070463
4126.950773335975
4147.002833297941
5478.286749707203
4983.515152984099
1449.0
2614.0
3378.8326171767417
4195.0
4366.26301472353
2089.85482756355
6737.928058012358
6804.651414729472
1976.4719681093718
5823.0
7890.791890937519
5156.737389734861
4500.482396925569
3630.9132083633917
13542.297446066472
8371.949134903247
11441.001666593882
7910.3289902264405
14206.848080977226
4970.398047320208
4038.2651910591803
4060.0
6917.475137621698
4721.268660029131
6031.328789731058
8133.595563962634
10145.0
8521.044318578635
16559.509552630803
6636.289885318172
7913.0
12620.27569926386
7106.806536162369
7391.799165597706
3403.8307252843665
8273.267623446587
2180.323841854659
16593.22933023727
11780.318798803783
25133.893031937787
2609.577793090034
6467.07763353672
5036.701523202439
12331.696230668756
19226.11484271294
17976.39358767968
13599.510107947053
5214.262215705379
28265.51910704815
26172.875406335632
5222.44776690844
19347.0
14974.0
4052.456589800198
6535.452768690089
21675.322009228712
22813.0
8231.296122675685
19319.12638069781
27842.0
26849.561523214634
27842.0
23625.0
18529.048735854114
26771.581584958203
27842.0
20795.896127724685
20453.924504947983
23625.0
23592.440505801624
20468.058572694183
21335.731143907353
11407.408591067075
12177.91046918223
22652.0
21712.035473180924
24707.144286606697
14655.255337035416
9971.408329295176
15061.13578715886
9134.0
13791.196788288218
21776.291074047527
11387.224981955953
10490.628193537923
26872.89092930069
16597.0
16628.62185296326
27047.80471343191
16054.660615383877
28874.69919486294
24274.0
29248.0
29248.0
27967.127680410245
14331.596091064017
31510.275584432704
30528.59717184952
26849.119220678054
27915.057094819465
17256.481784523057
17947.17139165339
29973.914870559252
13001.0
24361.45775652829
47017.0
11695.410671067493
9101.098994179813
15788.929863441603
13626.245164966227
19644.530789062366
8045.0
16074.0
16074.0
24062.15677313718
16010.241109643011
16074.0
13369.834107054763
12860.946007471779
9970.054967986702
10034.409767919093
20219.44367510573
45635.82940958463
17368.251881548054
21740.0
18778.0
10667.492886963984
8947.0
28988.91055975495
24340.0
53689.0
8947.0
8564.194448981161
38711.704396820336
42865.219131147496
53689.0
17193.26435575482
39497.50844616403
8947.0
20784.886676801067
7360.903954197257
31139.760576853478
63759.99291554518
26099.791981225608
69890.62425507796
39935.69317679895
3059.5776600837694
45062.0
45062.0
70568.1046190133
59226.72245929472
43014.105066730415
29194.279359759716
50442.533824060054
23244.262394636266
14011.868732793715
42164.73731957393
20997.685677408335
4294.733930840668
17057.37747247636
1754.0
1754.0
34472.38173989596
61668.56972242062
2234.6480175869697
26448.36192877733
2051.0
2051.0
11527.118621783484
37741.260294154665
56748.54648853824
2038.0007168311647
1862.658832549862
37242.57824974814
1810.2465291699618
64308.67701440652
66442.04649510451
47199.29777112538
5840.091096206652
3245.0
9127.649188779884
3245.0
3245.0
3122.932577950919
3152.5869861001643
3245.0
34802.652678052815
5590.926286868137
1730.043170598901
3245.0
3802.0
1444.8300496359366
1318.1376093151098
1302.0
1302.0
77787.0
77787.0
3764.0157285202677
47510.32642277567
5189.1232326584195
4696.3584930496645
3554.43817647032
4777.0
4270.783359563358
4113.9434840987415
3537.7839764530036
3209.9872615287445
4642.0
4642.0
4517.0
4087.0
4202.696940892561
70533.17634584657
4087.0
3685.5411132893178
9980.433480780743
3841.0
3841.0
8655.346280646963
8379.938015909007
4873.149639865399
5400.834037133185
4424.150529310709
3841.0
3841.0
4913.0
5135.0
3841.0
3841.0
5004.709288936353
4777.0
12044.0
4642.0
27384.116284792377
7200.03936464925
12044.0
16765.948512746127
4088.102890102941
8914.74457834672
5135.0
12044.0
4777.0
4777.0
4416.490219011833
5135.0
4777.0
6967.330091139015
6422.0
11935.82125412058
11421.211352957236
11281.298553170216
9502.136807665092
10077.0
8470.45264369657
10077.0
5005.285391943182
10077.0
10077.0
10077.0
6422.0
5896.839233714986
10077.0
6422.0
6422.0
10077.0
10077.0
4719.466187601294
10077.0
9497.0
8390.0
8390.0
10928.505817115696
6952.515132144942
15164.0
15164.0
11130.562376114769
10497.478281256854
15164.0
15164.0
10600.0
8800.34709533166
35159.060320073404
8108.505987741322
7608.839262131363
7415.471397144132
3294.443490549148
15146.348790608212
11044.831857783664
10600.0
1779.0259939625105
1514.2942491815295
8390.0
10246.986074469509
8478.78677828202
4811.6980799771645
6478.970013904487
7629.237710879544
8046.673604775989
3602.0
10895.434240584209
11133.225176516888
13521.201514387682
12747.752542168084
15280.0
12884.22552773817
11535.0
11535.0
5605.709791422151
4683.0
4683.0
4683.0
4166.9496795118275
2771.5133797398416
4683.0
9142.892201008119
4683.0
5639.21798636496
6788.0
8244.74711637696
7415.249648809787
4393.919391679009
3602.0
3602.0
3602.0
3602.0
5111.0
11160.893749833394
3200.164957412094
3986.9794728998486
14621.582493899396
4394.41160480122
8391.0
8391.0
8406.236706946102
8391.0
9685.827914231724
10070.452939747804
5046.977185974777
7757.9242563394755
6448.241020285626
35.19620652608195
27.071676467203524
53.0
21.0
22.007337392295106
49.45633581465688
52.133116706636244
1441.9313025196288
2129.62472298117
1552.3928897614444
1644.8141074313219
51.487491873190635
43.95710223541794
50.0
50.0
1189.8146388607454
1194.2935378263728
50.0
192.32443274496268
1700.1503214909762
1221.612239708166
764.0
50.0
1005.0
884.4353868516912
1043.7245140913665
1127.0
2084.715416122568
764.0
1258.4270448181348
1117.815643882102
629.2667129333668
712.8987626491286
43.60718616299968
18.0
281.00021975541745
13.60529088544371
15.0
10.0
10.0
10.0
15.0
22.940645830695846
12.399439475990883
24.84794216404416
699.0
16.0
317.0873534901232
27.882737947327076
684.8502440364765
2055.4762308275385
699.0
2042.2432147497434
1700.5449921546117
16.0
16.0
24.0
24.0
298.5261504984021
596.0
782.0
3047.373765974342
1107.6126338551599
2056.131446901873
689.2803116407348
585.9910240356173
768.8116946281306
782.0
782.0
580.6505343876993
4213.348365607661
431.19333314299445
910.1369045427775
349.0
584.8841339788526
521.5133972665899
1231.0
401.62320138831853
781.2095958288448
2601.0
214.73683471174533
231.22117926631842
748.039014176773
2351.985998456481
2102.0
2102.0
1580.8056064822194
3809.4865192012626
1169.7401657328867
1154.7797948135967
1176.3412943870242
1225.0774150360621
2712.0
1153.7010046380772
2712.0
2083.0
3891.749700775269
4497.403785980109
3275.3591074513415
3456.603348601316
2652.6567053013123
1622.86700643108
1605.7266642918098
2521.871812225674
2490.0
6799.023159322071
2987.3402313684687
4532.367492383814
8746.359392156624
6041.641718970919
1179.9406426387852
5629.778187582031
5392.198503519285
4460.034680240088
4995.480779011856
7167.468401786134
5686.545780257805
10691.74818232919
1007.4312450003883
1766.351557733522
1344.0
6459.320466179247
3873.6721581483616
3837.4376768655366
2158.4365146985106
11093.200000731524
6362.273375745357
1276.5263536407783
5124.0
2494.11741678282
4184.381872068988
2242.18034910188
845.0
845.0
6038.610772851782
10753.084532013383
15198.135746145606
15600.615082011018
7157.307593644687
1365.4642575878613
2273.9520989396606
1173.234787019013
934.0
2937.5213043875524
1058.5129780286063
1499.237903260598
2752.1075501178966
1007.4000520025759
1756.3231652054897
1013.2098204119295
1033.0
2566.8987701000196
810.9072704753185
2887.5898381338393
3732.0473703744597
967.1098344016757
2018.0
1386.4613140300853
21.0
3468.748577291525
3988.992522612609
3494.0
3494.0
3942.0
2567.0116535223665
3942.0
3262.532418846204
3240.0
3661.254437751936
5598.0
3534.5168788583933
7194.365393312855
11692.649372782167
5421.365547223629
1750.3436894075185
11943.0
1995.0
1461.935362383007
14072.062147838253
7181.0
6363.965201164029
1771.8615451594271
2460.0
2118.0
7428.575095547043
2003.9630710096565
6537.185988254745
1454.7352201679028
934.0
6566.562934287099
3216.0978883587495
11221.0
11717.535420926979
10060.0
3076.7695050166117
3297.0
1995.3991492950865
2343.3383925123626
6771.585736590758
2001.0
3412.9804369364483
10060.0
1040.643866144059
3976.130398823826
3330.8495320281613
1633.8491001344587
298.0
298.0
10117.989433240002
7988.983246514723
4479.0
1849.3769427675982
1479.1895847974022
5273.030945719912
2369.4084862021605
3685.739309604435
3625.017788555524
4479.0
5158.716962695897
2736.53216668624
4370.083454357609
4626.594050483188
4407.967399261319
8162.8914726871935
2302.373585486479
8959.52597923877
2260.0
4559.317046556726
5952.904905743825
8020.770190524858
3543.506589862306
1035.516193316981
865.0
3567.895545303888
298.0
216.0758819297173
1117.0255380740275
4650.0
1755.215965863498
3932.2481298344173
4650.0
16597.0
15612.646986296626
28574.0
14307.125299022675
15307.0
25897.84708539102
15307.0
15307.0
15936.696338621072
23101.375674855597
10946.065290896273
4291.910276778179
5829.7668906976405
2974.3628353851905
2096.0
2360.404859393246
3091.0
9949.555235315845
29364.94128553062
5143.389311082664
2750.0
10629.0
10629.0
10629.0
7270.258170512598
15516.436495954604
5745.0
9702.103770106372
20489.8111671852
8918.628870550698
7613.245394983371
13711.49197447345
14380.0
7424.459099286351
7709.578115509709
12418.427864911633
10598.988759170728
3135.2356614529585
10075.357693105532
2490.0
14089.0
9509.206517428349
9052.984115582254
2207.0
17377.040123887917
20729.615209826316
5749.155896854621
9517.50837323145
11765.248947157399
12260.0
15195.0
3882.9740342934083
5750.0
40127.936653905395
5750.0
38174.0
11481.187365626682
25257.7792648968
13255.408769202691
27388.31209570488
27636.0
17347.870040698508
38173.02377246963
4697.962756205916
13297.260665294572
18947.790558070126
6586.4892699092425
4180.570583917025
14602.951222226904
37619.20609291833
43507.0
19599.0
2106.538241591379
37458.24776354063
808.2252836757734
40172.7526195434
16468.541098346494
8316.702481278722
19486.26277629164
7010.3821471565925
4822.332383017422
813.8551867098582
4991.0
1859.6411173756846
766.1385298221433
1866.0
42853.14570797899
14220.049226358526
53596.0
5561.3532052512855
53596.0
29312.226978858344
13346.3169670202
20577.0
1995.5636498645958
48752.998966390725
5280.249599003035
19504.0
2316.0
17084.50123669243
922.0
5311.193936295071
41033.22194715094
33504.8955432855
5906.636480756493
3662.539444666999
34948.35891546741
4338.596983743535
5301.588059293702
17530.09750807247
20343.720732927177
1526.0
1184.3946456838385
2413.717364954188
1769.6225439953887
2284.5983658949854
10397.67963257089
46887.3794536225
20131.0
4953.614695219802
2830.0
2830.0
1995.8406254644324
5504.889384504721
11259.0
9266.31299445916
9502.247027923706
11259.0
11259.0
18488.220582129663
9338.863616774197
36281.38221063885
2184.2546982736803
12434.985530270293
60299.0
5691.335089466577
12860.284417785295
17604.0
56488.634352676636
15832.361470437796
60299.0
18711.977818835443
1813.5937825478334
17604.0
1959.9915458033875
24100.91857724135
38686.397464116766
60299.0
46703.19078687676
38057.347583290786
11259.0
60299.0
16508.537244256077
11368.088798405532
1506.9592145386728
41366.48260014708
56743.78288557474
47991.0
12455.947635449158
33975.0
36070.0
61071.15159149909
36070.0
8021.125562447479
21893.72997780062
27940.91547861608
36070.0
17696.06992048005
14118.106162843476
22574.110265845517
4253.946114913739
28626.508171437672
24760.501646229437
17220.797808533658
26527.079130012527
12865.0701300518
10592.800376052484
8414.730396326857
12818.0
12818.0
26765.0
26765.0
30036.589219019166
4418.78239918164
7007.0
30692.700029402396
3306.957013042733
1334.2711195981133
833.4741311304997
7314.586154745368
48166.74263313214
22267.247363694365
31809.130294362796
25970.18830140215
13349.595802300908
24882.35843223164
25528.9792887231
14432.0
11530.664837650533
3456.69712366505
6779.014112647358
2457.0
2471.3856209465953
6746.418047797455
8452.718868650962
4742.530799844647
463.0
4262.710378572492
3865.468689307828
745.0
789.57909719329
745.0
3087.41492210563
745.0
745.0
9232.170784669424
745.0
2627.0
2627.0
2627.0
13537.51223575103
770.5470123656992
1719.0
1112.5829142355703
938.3457647945806
772.952247208794
909.4041769141626
1726.4912047532284
11409.882963387403
3730.408679178311
52617.881565664815
984.2507106329169
105136.75273642172
19017.0
5820.691192027357
1019.0
7317.723193784525
1101.4621735856595
2377.5885630171474
42507.968573767525
1019.0
109809.0
2228.0
2228.0
969.0
2228.0
5641.8624278498655
7975.2463868231935
17712.42603539789
37421.17658044079
3676.103875162777
5046.965387243912
5478.064678680961
21733.0
13634.0
21733.0
17994.966829584828
32780.0
12568.878127050715
2946.0
56259.204200241074
35931.0
4952.194370845311
35931.0
74155.51359138894
8012.888988996098
34845.96502037284
3040.5241463180487
3350.626666313532
1749.0781348968453
2220.0263846191338
1029.663898256571
2618.567712108356
5584.549520802966
619.7288097400763
8673.599566460856
1778.183368539938
28126.558428407887
8561.458879572237
837.4560138969043
1928.3064680449415
12134.851230430635
18870.806022315446
5932.087295147004
7294.9593527722045
1442.3030813557627
1433.0728581476333
12498.0
15715.435901401504
88478.05478786958
25357.0
25357.0
9917.545049513112
9058.015846867302
4783.662293930854
43661.762045107054
5552.914242280538
26007.98982380763
7978.396147877416
45172.33139848299
34562.98114372398
54149.28851955307
30578.0
32994.50859961246
36960.811465041224
5704.863366542779
30578.0
3768.0
3494.0
5855.440283611127
10715.747422302076
16099.05062289031
58632.27907516695
31544.021044394693
46313.60574896161
23863.0
10533.0
34827.449720797274
3234.873903117378
4806.466797309877
1860.0
4275.176989551325
11292.606834222313
5466.0
23128.916481832337
20090.780673725436
4554.293804508254
3917.9457553626053
4638.788758807446
5812.5275785970225
6336.086004079874
4147.018245257456
6253.033229459066
7567.762754756374
16038.098013403353
21228.96132760447
4797.7671562113765
8919.0
14715.0
8484.106697850277
17544.607210273007
17017.38210035155
13099.733729216903
5698.852887394726
339.0402398195016
4196.1369292501295
8787.0
3615.0
19578.0
8747.0476233289
8565.500764237575
19574.692962284586
11324.59007661311
5624.810931196538
19578.0
7419.451828945514
4657.271755803151
3858.3068705682995
15670.884937003011
4925.348382183494
3836.146601886726
8131.0
4984.4439107798635
8131.0
2687.5839347410083
2131.0
3344.0
3307.2333376504757
2963.953521222915
1998.0
634.2459870312102
984.3634869333237
3006.1186138748712
3671.0
11542.174555969017
3671.0
3158.0
3437.4498357238585
8819.0
4434.660507176423
4994.872021883063
8677.813901491705
4314.329415611649
6800.0
10902.028570409344
10922.0
10922.0
7209.0
7141.447839696158
9408.659771647242
8468.256657161619
10229.606530782905
15054.0
15054.0
8534.249163541845
8234.136901531587
12072.0
3466.0
3466.0
7881.0
9845.41123165087
2321.087696021452
11799.86211992726
13745.561055157048
9256.521023702593
8816.080215996917
2306.378022956749
6657.68117449937
9935.740016275755
2133.0
2786.327004058554
3428.215582604636
4588.504641921223
1378.8900274248563
985.569616526028
6484.0
6484.0
5542.0
7538.0
410.27805060585484
1497.5928729958075
6837.983984073364
5658.0
533.4249142163139
878.5922302591924
17254.721355860616
2132.8830739757914
5279.0
5477.174193240662
11338.800246914687
3200.1210256823497
5935.872857999222
3436.0
1803.0
1803.0
3240.367585283664
1088.7171544377245
1739.6164053583857
2948.6276274361953
3142.0
2936.0
2857.8557058483093
3051.250171260993
2314.4276395951647
3615.6178163625646
9358.891606999041
7937.027065620929
2653.041077043233
3938.0
1550.5716336868368
1656.1475771340197
4831.0
3071.8799238156
2298.4227429823295
2968.488745244886
1764.1996764248156
11351.0
1412.1800605718036
2294.961187757968
2170.0
5467.166790876208
6420.569375683881
6352.253302530973
8490.226489405564
4187.0817523846235
1271.8761723940006
935.2239298793329
3113.6402005746104
10839.026297271967
10480.845104092225
9855.653856646171
8457.49440801597
4518.425667335405
8712.0
3351.8328450338963
6676.364917339492
3961.189184421426
4913.0
5363.213667603207
5404.1021905359985
4087.0
2602.566927209654
7181.038667536191
4480.278654761645
3669.95787208835
1300.9015272689035
2579.8641370658347
5684.3435245496585
8025.312661942672
2690.017387843486
4996.476680050891
6880.2231634911905
6168.9433790438725
1864.9150102775436
2510.8462596815234
4800.677589436099
678.1696278898821
1119.6719665975938
1099.966401117172
1559.0
1867.621087154652
2521.697050193795
1744.5007138948156
43815.863513445416
38174.0
38174.0
38174.0
38174.0
37241.0
31851.0
31523.95176388522
42361.0
42361.0
42525.79920391291
48867.0
27240.181325035286
31267.388550025596
33154.96043755003
22564.03140448682
34126.01675958752
36134.52725400196
38914.45903509494
45467.899722457674
77787.0
77787.0
49451.43213063466
41633.53249785706
49170.83890711512
26446.80083648127
39966.0
26813.00236942222
39966.0
38799.03291918221
39966.0
54894.0
29590.254416751628
54894.0
52192.4360000329
43477.0
52068.32339507095
78533.6080200105
38087.76562587121
28601.064767245123
36850.25758721688
30306.0
30306.0
39966.0
34587.0
80850.0
30306.0
39966.0
80850.0
80850.0
76464.15783123132
83113.50687433049
39966.0
84713.0
84713.0
84613.00688203349
30306.0
33151.51959680742
30682.222596324886
24440.0
42516.5737407407
39966.0
43477.0
38946.92775557969
39966.0
24440.0
40813.95769835022
28139.507352375207
30257.749143425484
29439.129823353207
31518.0
43418.047231569944
21301.812530773415
48791.85378990037
30708.51572563224
37849.98509557968
30013.0
44079.255233038464
33047.80559336049
36211.02892246575
37121.32763631613
34577.22640234182
28304.866258683636
60136.20103299568
37208.69642131534
37634.0
33979.33088220103
47544.713890821535
49679.0
37634.0
33975.037860017466
30013.0
30013.0
30013.0
35689.98438470152
30526.98886711507
34497.06094581877
30256.770352971515
34266.38982535391
32434.0
43769.578937830316
44665.56030909112
29488.603197701577
34349.95771288397
32487.405603389994
30056.0
30056.0
32434.0
32434.0
28348.406219279845
59982.00804777264
30839.0
39909.0760111515
18220.0
31694.0
33503.459466776854
79887.05627288445
32813.92805041973
30839.0
31694.0
19735.0
31334.0
64322.0
31192.52976249332
30201.3925211145
52860.7142148545
96585.88215816171
24007.02512937173
51167.6529871816
37714.5243855868
25311.137766919073
63456.87119596562
85011.66083928657
62773.19146197023
21804.675853775698
45915.22711842368
75783.9010185564
11039.83848562656
74046.53799015676
51681.84664256271
31638.514292805346
24369.109630288636
46411.6282288442
48535.0
66047.7685613743
66649.0
36800.0
62557.0
58799.879520519404
45951.79281202302
77151.7299560894
10381.0
36383.650770833745
95101.0
15274.0
52362.205341447974
46473.60979725899
45617.109042019685
49722.44739213164
10643.470674821834
8639.05809486935
18164.436293843537
12613.131224151311
14428.625411844821
22626.81647010812
18025.23128514741
13182.0
63154.08094908814
13182.0
13430.650707159373
27622.243627173568
27624.71908135819
18050.0
18050.0
30034.849586493172
54263.58668192927
61922.73298218304
34134.707415589
18050.0
26888.283507007087
17135.759831031166
18050.0
64811.9213450423
38730.802759486636
41447.590586763734
25055.0
40922.34393105321
62517.08825482424
42459.0
18050.0
81746.36665409492
19661.676793794057
42459.0
82000.19869230258
13182.0
42336.0
96083.14044564952
18050.0
14035.74753679894
18050.0
42336.0
42459.0
43135.931150033466
23941.30899517125
63455.0
32882.40082331667
63455.0
108062.75535590822
22827.25591919867
56823.0
38971.960088166954
56823.0
14464.264063945078
73855.19121794004
33024.60336791217
56823.0
49451.070227224605
32780.0
32749.55512786676
33724.59808146205
30517.0
58236.0
13660.910823113034
13611.649426113592
32780.0
32780.0
55362.68401261327
32780.0
55951.169039971646
32780.0
32780.0
58236.0
47728.49295954821
58236.0
23244.078161575497
32885.445054349926
37287.22962543475
58236.0
38619.0
38619.0
53979.04593114562
58236.0
50843.703927099436
31722.92210947825
50713.671973243014
50461.67734602129
33621.24371041012
49781.27672290068
50683.0
19645.0
21383.0
56169.44342832829
19260.927799060562
51275.24282045468
26131.1802304784
49234.620509778804
48643.055367804496
48408.0
25816.254097242272
22826.48982036163
50683.0
48408.0
21146.379695323925
22079.711680248234
20389.05846650668
19242.069870734682
40075.13490756704
37508.33589260271
50683.0
19645.0
23289.0
25395.623687155283
23289.0
47603.303247022726
48408.0
40316.429502155894
35749.0
48185.883412186755
49230.03375388277
17153.4515467253
37555.0
38516.0
35168.85060063204
46468.476185826796
29290.6543932205
29293.184903876314
23289.0
28414.574841384878
46348.0
23289.0
47256.487772522625
46348.0
40682.16396302191
53490.32923875988
48777.95010496791
45239.35192270434
37847.050039836795
54704.827059543335
47612.87286684566
49715.0
44858.94872904628
147811.88999393585
48486.80441533489
39993.92837749922
127956.8190034719
28547.938885183576
95862.70776040135
43110.0
102861.0
159884.0
40758.695629948044
40977.51645249027
77371.15097812802
43110.0
40037.84663756587
28750.549491623486
43506.48159169773
41709.0
43110.0
46406.0
34514.31944302235
25270.836661303812
28848.0
71067.0
71067.0
49392.0
49392.32595349297
81565.6919017794
71067.0
41857.0
71067.0
49574.75700311773
56282.568617252444
48508.853378920394
49392.0
33490.0
33490.0
98281.0
141647.0
88687.32267305513
43178.08460440308
33490.0
40670.35554107526
74104.72841455738
108865.59356137217
54364.93780857835
56395.0
37322.341480762145
58798.277291451064
75940.56792609456
69752.0
44263.0
40030.717006220686
57517.15003485994
69730.92604759404
69171.0
69171.0
37694.0
59025.8499837088
42987.922911913396
48508.35133005787
37694.0
58808.91318771158
40023.23326546752
69752.0
46961.5799450727
45299.0
94495.93435769001
47910.13888998005
44476.11347104859
70999.92377278961
71252.2871516067
76749.52961623497
97390.33317740016
83048.84611064731
41918.72001113513
39339.56084212552
18168.0
55275.0
49342.0
87713.58133764996
48158.22083306912
93189.16848525035
85070.74247761926
55275.0
48648.46427050603
37237.0
37237.0
36566.91079253945
40490.124003741934
35226.19268871784
50405.92678099648
49342.0
38777.61558855663
49342.0
55275.0
18168.0
33447.074916350895
41978.94402091302
61304.655976034104
36186.87094526297
78000.0
40034.52469173756
92753.17275961488
38346.7284832531
35100.58126510935
42071.63691960568
35526.8305060918
64873.0
45547.0
58494.763058123994
62761.528508026924
42437.032807050666
54469.159542928974
35371.36105206177
76314.36564015484
40372.390332009396
30757.890160554925
31692.95486167336
53748.6651345874
30347.0
45547.0
45547.0
47983.30332843214
45547.0
30347.0
45547.0
45547.0
36127.74052891639
49173.692482685
56285.81340058895
30283.0
58261.320729218365
34799.44600705598
33853.589812585116
34098.0
36242.38244484669
46216.0
33998.37748519761
12708.655978867515
13569.891437240703
59526.87254780624
31117.4448234157
33840.184479892276
28981.54699507744
25492.885451385675
41103.897522216204
38426.0
44283.30883658767
33835.76152273641
17027.53628952473
42724.30446964782
51825.0
37296.0
40774.32008590645
24502.0
32850.00561642304
31562.228988402545
35883.196929738726
37368.84272624742
24502.0
24502.0
38426.0
26081.710744289605
25689.596066346345
33179.27472061063
50586.27196889151
32939.72398481045
50551.5986372337
50586.0
37735.86630601395
34144.73215832183
88081.60308079774
19675.024648806226
50586.0
22826.0
27911.357189441766
48622.74992691772
50586.0
50586.0
16219.837590365578
12725.871645047451
16568.15980630656
22826.0
50586.0
22826.0
50322.0
50586.0
50586.0
22826.0
14946.392091195074
12511.0
41312.822982640144
40585.60626332665
32396.940619281824
13236.459447949981
23797.19233789182
18935.06240817508
37029.27532931615
40342.588132824094
23513.851213509588
35922.84048561442
32726.04986611594
42029.0
42029.0
42897.23078575797
63866.0
57602.56270398306
7980.226079052496
37653.27452248291
26766.427962957834
23794.0
42060.30548358438
43745.93861898054
36572.191859734456
28891.0
34707.34943059522
42247.910037374466
36914.225853207514
34062.02649293463
30046.20253005059
60046.0
53260.843787719896
8924.644241750177
47147.208182791794
17245.796197716354
30152.0
28722.82048530796
36442.0
36442.0
44056.132602120306
10995.210046161246
14567.0
15008.548578717751
43.82999929737051
48.521611085121855
71.0
38.064392608224125
234.7871654103745
434.1078025136494
8.0
10.827707813345551
170.1959547712142
686.7415774213462
259.57856111446625
205.3539000011118
201.1743126192597
57.718082879778116
222.8708043588331
242.64456642741794
226.0
226.0
226.0
23.746911409858193
12.637089388165808
226.0
33.52085135151805
109.0
109.0
40.21549403423478
835.0
835.0
8.0
835.0
2081.7396676225108
3811.0
2191.040915269028
1429.1686487274715
94.1704180832921
31.163613545599297
535.7421907922015
51.0
470.74385601574244
17.297806432162957
31.0
562.3286160265652
196.86651026027283
1041.4912325144683
8.0
1101.0
965.8525893509739
571.0
471.2558036159832
504.7469326362824
53.0
214.74939053517636
18.0
73.0
73.0
3575.523771441949
14811.0
1115.5731700937163
1097.476662855744
970.0
970.0
1496.0508499428997
169.09458088518494
1615.8633620681587
47.49684055303801
4.0
6.0
61.11615409169012
27.478064913198494
2.0
6.0
2.0
2.0
5.729530736477873
5.0
32.62045908166615
214.59108168152497
36.97589626500156
79.13060456357996
20.933117906615866
23.0
21.0
14.0
41.0
2.5104907393482
22.132524517525088
49.11733350655598
15.0
15.0
38.44992164180336
24.42273764825425
3.0
103.50796411663204
12.0
22.0
18.0
128.7071207519591
2748.3126831859086
2522.0
772.6305208294336
1579.6721818548929
798.0
798.0
1545.7367980758622
702.8826824973813
1784.4058221129899
895.1072017574296
2190.964673502899
2938.1489282785424
2382.0194275497497
961.2259619277676
3224.4564131801726
1909.6657804200431
1453.432072520999
12619.803414791175
4208.7460831481385
11362.694864388037
24103.26720450729
18336.26313482424
5466.131002263774
8734.850363689473
6772.0
8219.341255764954
3172.158183208632
16676.523993655825
34982.16899230487
20845.266334512835
4758.8994314569945
1732.914786734594
5279.96961634969
4211.488817583137
8062.388381832292
8678.851553991537
4055.274851132483
6704.0
21106.076649563907
37499.0245816889
23536.191386628954
16752.000705010938
38841.066579769285
11537.63007621195
15767.577211012194
9063.022536916653
11975.181014771628
9123.120746360557
1837.2880943213252
32392.34897037307
4687.2422466444405
11982.447559389499
13557.0
19381.0
10413.531118037019
7993.441689943116
18838.57906418327
9778.509410659213
19381.0
20313.47656499067
21894.153353036563
16077.095709287078
7305.0
6751.689992004088
5613.0
9840.522320179178
8620.172571849967
8490.422197668828
6163.0
10896.778995378425
1244.4508878774889
8888.472846435356
15841.0
8907.586991985465
11061.644352857556
10581.056997514233
10288.0
8705.566743524589
11394.646214796627
9168.725153839228
15845.930319242969
6093.0
8712.067199909881
8599.482237026046
6927.631757964932
3876.8178456327605
8032.204939315878
4306.642598090229
5322.889897504159
7037.873324897575
7550.0
4955.655446687782
7591.695005555137
10293.06010435196
6290.125386835941
7375.912462992431
5779.0379047623555
7995.982685306629
14142.0
8782.957717058576
7299.710172805737
3731.730709847202
8783.0
1601.0
13639.942901308357
1990.8008052413547
6977.561263507982
2945.065369245826
5943.42178374123
10269.0
10269.0
5208.677416111945
4046.612828020876
8783.0
7514.893090798789
3016.4830224726265
3482.0
3482.0
3482.0
3482.0
1211.3843780302768
1747.5135033441113
1668.3000334304213
7013.746649655806
8304.440059825836
7964.0
7272.32336240448
7844.241490928754
6685.04931920265
1746.1753704459284
2221.661281402233
2872.0
5196.68970692455
992.4767701151919
3044.8821902815816
1752.031035920292
2249.917013394007
5571.019217650501
3808.833242628455
1450.4111718822123
1832.1113896532338
6012.674726070362
2329.8632469647487
1250.0641351100257
2813.5080282657873
1486.652777071496
1780.1203205540655
1358.9526957308183
2182.965072372429
6565.521764335703
3013.51020030313
2137.0
3976.79612662674
3243.71337921535
5939.068243223361
4910.651690383256
1840.1491823375081
6155.108992246205
1085.950511616323
4222.520812259034
2889.2530208096555
6007.205216873241
3208.98363834894
2472.6875993441236
1362.0
1507.0
1362.0
1469.926786486799
1733.111652093358
1449.2645426876275
1507.0
8194.512585165025
4017.9713382843247
4663.421597534081
7473.4411821649055
7761.738118699656
2174.9071009939044
9200.521731616074
2172.4975012867976
9511.92354688189
6499.139798608135
24060.56883811275
1060.9621952457828
29756.622002511445
34864.99069959247
29476.716609512812
10663.07134210411
16384.283719087194
